	X16S_1_10_S10_L001	X16S_1_11_S11_L001	X16S_1_12_S12_L001	X16S_1_13_S13_L001	X16S_1_14_S14_L001	X16S_1_15_S15_L001	X16S_1_16_S16_L001	X16S_1_17_S17_L001	X16S_1_18_S18_L001	X16S_1_19_S19_L001	X16S_1_1_S1_L001	X16S_1_20_S20_L001	X16S_1_21_S21_L001	X16S_1_22_S22_L001	X16S_1_23_S23_L001	X16S_1_24_S24_L001	X16S_1_25_S25_L001	X16S_1_26_S26_L001	X16S_1_27_S27_L001	X16S_1_28_S28_L001	X16S_1_29_S29_L001	X16S_1_2_S2_L001	X16S_1_30_S30_L001	X16S_1_31_S31_L001	X16S_1_32_S32_L001	X16S_1_33_S33_L001	X16S_1_34_S34_L001	X16S_1_35_S35_L001	X16S_1_36_S36_L001	X16S_1_37_S37_L001	X16S_1_38_S38_L001	X16S_1_39_S39_L001	X16S_1_3_S3_L001	X16S_1_40_S40_L001	X16S_1_41_S41_L001	X16S_1_42_S42_L001	X16S_1_43_S43_L001	X16S_1_44_S44_L001	X16S_1_45_S45_L001	X16S_1_46_S46_L001	X16S_1_47_S47_L001	X16S_1_48_S48_L001	X16S_1_49_S49_L001	X16S_1_4_S4_L001	X16S_1_50_S50_L001	X16S_1_51_S51_L001	X16S_1_52_S52_L001	X16S_1_53_S53_L001	X16S_1_54_S54_L001	X16S_1_55_S55_L001	X16S_1_56_S56_L001	X16S_1_57_S57_L001	X16S_1_58_S58_L001	X16S_1_59_S59_L001	X16S_1_5_S5_L001	X16S_1_6_S6_L001	X16S_1_7_S7_L001	X16S_1_8_S8_L001	X16S_1_9_S9_L001
merged_16S_1	42	463	24	1694	0	1	109	507	22	202	0	43	390	1216	703	2942	38	615	1988	48092	11839	19688	57	7372	20812	756	3256	1	10793	8082	28890	15045	0	54	30919	283	27039	3809	43219	2706	2191	117609	45217	2433	24648	112	2767	19549	27836	50713	38	1	0	0	22	0	263	253	29
merged_16S_3	0	6020	134	11099	8876	2	5622	3539	3223	3735	0	0	10272	6967	6603	6015	0	6049	2376	7433	3414	0	0	15842	0	2894	564	1	2781	13087	3093	9044	10171	2913	3387	0	16	12576	0	21362	49	3283	0	9721	5557	374	1959	1850	0	0	0	0	0	1	0	3166	5046	5564	7725
merged_16S_4	0	169	0	320	143	0	25	68	0	155	0	0	329	220	112	468	0	204	556	10589	2790	3131	0	802	2556	123	531	0	2323	2504	5775	2412	59	1	6565	63	4521	854	5276	1398	655	24013	8401	440	4820	30	539	1329	9952	11496	0	0	0	410	1	1	79	71	226
merged_16S_9	0	2272	61	1621	2437	2	435	2142	1151	405	59	174	2833	1528	729	2657	2	1410	872	3931	1228	0	1	2218	0	1105	412	0	1311	5343	0	5494	1349	0	128	0	0	4487	0	4665	1	2295	0	1777	400	0	580	387	0	667	267	0	25	0	1	381	704	1219	2535
merged_16S_10	0	0	0	1	0	0	0	0	0	0	0	0	0	0	0	0	0	0	0	0	0	0	0	0	0	0	0	0	0	0	1	1	0	0	0	0	0	0	1	0	0	0	0	0	0	11	1	17	1	111134	0	0	1	0	0	0	0	0	0
merged_16S_12	194	2084	0	2369	1051	618	899	3740	334	634	77	2	3238	2170	1737	2279	67	1109	1982	4418	1633	0	154	2630	0	2307	262	371	1225	7942	1318	2024	150	272	2	260	0	6675	1	3647	315	1	0	365	2157	374	493	3425	311	1	140	320	223	0	127	48	67	751	49
merged_16S_13	0	12473	1943	13264	7871	0	4932	5870	2528	2018	0	1	8167	3128	3028	7106	1	4929	2095	7923	1084	2	1	6042	0	5846	604	0	525	7373	1738	7016	4643	0	194	0	1	12030	0	5933	1	4342	1	3725	1195	0	371	2513	1	0	0	0	1	0	14	1777	2761	8124	5089
merged_16S_14	3249	18907	769	17995	12601	6860	8648	16741	7855	10190	6481	6048	28260	15611	9876	18539	4186	13575	6256	29893	11965	1063	4464	31752	120	17389	2985	7003	19784	76757	16534	42732	7706	3317	7975	3236	1053	56691	2234	58634	4177	14790	5	14955	16606	2896	6682	10278	1504	2599	5130	1500	513	1095	2983	4960	8861	10253	7670
merged_16S_15	0	2474	43	3680	1089	0	1656	2916	436	789	0	0	1916	2423	827	3177	49	1511	427	3444	1312	0	63	6527	0	1949	526	53	4327	24199	605	7633	4480	1449	1565	0	0	8964	1	3900	152	2447	0	1352	913	220	177	619	0	1	0	0	0	0	0	765	930	2729	1657
merged_16S_17	0	0	0	1	0	0	0	0	0	0	28	1	0	7	0	0	0	0	0	0	0	1	0	0	0	0	0	65	0	0	0	0	0	0	195	0	0	0	0	0	2	0	0	0	0	1	0	0	1	43616	128	15	0	0	0	0	13	0	0
merged_16S_18	0	1176	331	0	0	0	0	0	0	0	15	0	32	23	14	0	0	0	0	463	0	0	35	0	0	18	0	13	0	1	0	0	0	0	0	88	0	0	0	134	0	0	0	72	0	24	0	0	0	46779	32	20	0	0	0	26	114	0	0
merged_16S_19	2355	51400	15135	9885	5644	1128	5000	3587	2708	2387	1092	1168	13467	4575	5579	6383	571	6612	2317	3458	2585	181	510	14039	0	5330	707	2882	5913	19510	4730	11975	3083	4037	3993	357	0	13590	1760	17553	1160	1436	0	6980	5892	1399	1859	1604	210	510	5421	812	358	323	1274	2072	4621	4905	3513
merged_16S_20	7880	1393	128	1344	388	13348	600	516	10	508	1271	19273	1859	1552	768	892	6321	681	474	3478	833	0	3323	1920	0	12235	62	3316	1726	4216	1459	3722	561	1207	4	5220	0	3461	362	9147	3851	330	2	312	2936	4279	70	480	127	1191	5606	1106	498	1033	2208	514	1367	1076	601
merged_16S_23	1	4342	420	4183	5826	0	7875	3169	2356	3063	391	0	8599	3820	3530	3929	0	5582	1801	3957	2234	0	0	5122	0	2396	575	247	4202	17837	2070	10260	906	473	2179	14	1	16275	0	22705	43	4299	2	2599	7113	310	1221	1877	0	582	128	72	0	0	0	527	280	2614	2199
merged_16S_25	1871	0	0	49	0	1876	30	1	0	16	348	2540	0	113	53	166	247	277	63	1328	206	0	262	0	36	3609	76	2045	55466	0	4009	693	0	516	909	1288	561	70	288	156	2892	10596	1109	0	244	648	147	639	903	15924	1656	140	5644	687	388	0	0	0	0
merged_16S_30	0	1818	0	6504	787	0	203	1637	497	262	1	0	2203	1187	2541	2227	0	932	471	2032	0	0	0	1893	0	330	0	0	352	1681	2022	542	1862	0	874	0	0	2516	264	2050	0	5565	0	191	638	67	167	878	0	0	0	0	0	0	0	1775	2022	3429	1307
merged_16S_31	1009	56	26	0	1	8318	0	20	39	77	85	5588	0	0	52	0	1402	1	30	0	0	0	1040	245	0	2754	0	479	0	394	504	0	0	160	0	674	0	1	0	65	152	0	0	0	1	920	57	0	0	0	29	0	0	74	3410	0	0	32	0
merged_16S_38	4389	6655	1102	4847	3660	2487	715	1415	1717	1476	1806	4476	2519	1548	955	2647	3570	1055	386	930	508	1	4609	2787	0	7502	311	4289	900	10151	1943	6551	3389	2322	1815	8890	151	4842	895	6818	3999	5313	7	2540	242	4105	414	911	0	1751	6720	819	711	190	2713	2998	3679	2592	2510
merged_16S_42	1288	1630	138	1726	1350	340	188	847	577	224	491	1393	629	663	1195	2739	586	197	536	4367	661	1013	751	1151	612	7555	191	4316	1995	10551	4270	3695	541	1307	2013	423	1976	10005	3844	2492	1710	14594	5863	3107	2668	458	478	1461	1927	9382	194	675	348	480	121	521	1784	545	1171
merged_16S_43	541	9348	10922	4704	3470	1549	839	2387	764	3673	1412	3527	3376	2702	2195	5282	1214	3052	856	5351	3255	0	528	4062	0	3141	231	897	1310	8430	1697	2176	1004	749	1188	313	0	8023	0	9689	1761	1509	1	1792	2194	938	539	1207	167	1243	1117	1284	849	1431	129	658	3297	1906	1659
merged_16S_45	1069	76	1	44	18	2189	46	76	19	27	777	840	0	95	561	68	612	51	39	1336	82	183	2274	242	103	8517	1	4248	239	2	1	608	22	810	3	428	266	199	6	108	5477	2137	622	0	529	1131	0	380	284	7365	81	313	2626	754	272	26	0	52	33
merged_16S_46	0	0	0	0	0	0	0	0	0	0	0	0	0	0	0	0	0	0	0	0	0	0	0	0	0	1	14858	0	0	0	0	0	0	1	1	0	0	0	0	0	0	0	0	0	0	0	0	1	0	0	0	0	0	0	0	0	0	0	0
merged_16S_47	0	0	0	0	0	0	895	1082	0	799	54	0	954	1132	0	2255	0	604	824	0	589	0	0	384	0	0	72	0	204	0	0	189	0	19	1603	0	0	1374	171	1489	62	1	0	0	66	0	494	0	0	113	0	0	0	0	0	0	0	0	0
merged_16S_49	2167	6080	368	18715	3286	575	1488	4221	579	3006	196	317	11700	3826	3336	10323	151	3060	1318	5304	927	57	220	5907	152	3264	607	365	1607	14024	1499	6092	2218	262	1310	161	343	13409	1210	12395	970	4687	17	2952	3194	342	685	1695	480	720	537	212	53	172	366	1506	4124	4825	2275
merged_16S_51	2646	174	0	75	178	838	99	85	319	38	1051	2737	269	205	165	202	1098	233	58	2008	159	395	1242	482	181	2469	139	3045	407	1824	568	2597	64	699	1341	2176	0	1463	0	2065	2548	0	0	63	3142	903	50	0	0	638	11899	1677	1195	402	401	329	93	0	0
merged_16S_53	5039	3204	730	2926	4520	3779	613	515	1205	201	1409	5601	13126	1231	3619	2563	2174	1572	680	3228	513	189	2234	2579	173	5237	271	4817	3416	10445	801	9745	2704	3592	1780	2093	0	3817	6	8614	2531	1865	1	2397	4754	3253	752	1138	477	9746	9298	2178	1199	828	2063	1107	3353	1891	3211
merged_16S_54	4089	6099	641	7766	3838	9229	1686	14422	1483	3838	2075	9788	4812	4690	1202	7004	3321	2848	2102	4913	1724	0	4480	7311	1	9935	729	3959	2470	10072	2333	9015	2480	3339	694	5262	215	16514	1498	19487	3667	622	1	7570	6564	4343	1370	2667	315	1756	33981	4145	2367	2243	2704	2587	2201	3867	2830
merged_16S_56	721	957	1	967	975	1180	335	1095	383	428	243	1258	1643	888	546	903	290	261	410	8718	337	177	146	1505	0	1493	78	988	883	5323	4	1906	702	302	237	464	0	3940	0	7345	475	689	0	1076	1640	543	246	194	0	2940	12584	895	419	0	482	592	313	480	1174
merged_16S_57	180	2631	389	4222	3216	212	1221	2612	1125	1374	308	682	4833	1954	2071	4393	78	1357	705	2156	647	0	470	2846	0	955	466	484	2751	9764	922	3279	935	242	2122	280	0	5061	973	6344	511	1143	0	769	1068	314	331	882	102	0	582	70	116	178	136	560	1096	1765	1223
merged_16S_58	5762	3556	308	3727	3340	5152	1718	4659	3777	1929	4964	10774	8316	2182	3726	4907	2585	2922	1302	16373	2900	2	6349	7618	0	8544	731	12618	6505	20794	7576	16380	1185	3703	3853	11209	3076	10318	657	17657	8244	4380	0	1992	11628	5927	1025	4259	1384	6824	26791	6556	2324	935	5067	1770	3227	2286	2184
merged_16S_60	1021	3549	274	6867	4489	556	2898	3306	1040	2287	591	1242	12055	3940	5898	5490	451	2243	1186	4017	1583	1	237	6061	0	2622	593	1353	8448	22498	5726	8834	2457	838	2043	238	359	10494	113	11729	922	2776	1	3423	5070	724	1277	1707	336	16	1878	478	152	217	1055	2863	3681	2709	2882
merged_16S_62	177	0	0	101	105	303	0	0	110	6	0	0	0	14	1	27	189	212	153	1110	233	536	753	94	70	311	74	196	52	1050	580	222	70	113	438	0	518	260	1664	62	124	3462	904	1	1078	163	133	5	318	2339	351	0	18	0	0	36	20	60	36
merged_16S_68	0	266	0	0	568	0	147	28	437	92	0	0	317	178	1	306	0	254	0	2	0	0	50	775	0	182	0	0	1	2750	473	1179	640	0	705	0	0	470	0	319	0	0	0	184	0	34	29	97	1	0	0	0	0	0	0	449	1772	69	169
merged_16S_71	3166	2507	182	3020	2408	1778	513	1856	2074	834	3264	2608	6752	1970	3887	4637	679	1040	802	8136	1111	0	1185	2345	1	3899	430	5663	3906	14796	1296	9021	942	9094	708	1517	0	4319	112	10944	3803	4364	0	1324	3554	5246	497	440	381	1378	5377	4557	1845	1970	3579	1648	7499	1553	2215
merged_16S_72	0	0	0	0	0	9967	99	0	1	0	0	2	0	20	0	0	0	0	0	0	0	0	0	1	0	998	0	0	0	0	0	0	0	0	0	2234	374	0	131	0	698	329	0	0	0	1706	123	0	0	0	12132	28	20	844	7	0	0	0	0
merged_16S_75	5689	19	0	0	32	10850	98	35	61	26	2632	7559	31	88	53	1	4276	379	0	3524	1	567	7370	259	347	16145	1	10620	10653	341	952	440	0	4346	0	9500	842	258	54	177	7586	2689	0	58	2759	7331	836	134	1	6967	11321	1430	5370	1492	6067	1	31	0	32
merged_16S_76	0	0	0	52	0	0	2	0	0	0	1	39	0	1	1546	0	0	43	69	2720	0	427	0	0	0	0	59	0	157	0	1854	0	0	0	1320	1	0	90	894	1651	294	0	0	0	432	2	0	153	2	22707	0	0	0	0	0	0	0	0	0
merged_16S_78	1430	0	0	86	1	3944	31	0	2	0	602	4510	1	45	17	49	1723	0	0	0	0	0	307	75	0	10053	0	1252	0	139	1	0	0	1072	0	520	50	119	35	52	1955	0	0	0	300	3149	426	0	1	5664	357	550	149	1376	746	113	83	42	0
merged_16S_79	3784	3292	1033	723	2310	3790	888	443	1074	210	479	9132	4609	1210	1152	1195	1254	1183	394	2531	646	2	836	1280	110	6359	305	3344	2670	6238	861	3663	702	2237	0	1121	31	3337	319	4343	4388	2353	0	1481	1215	6380	545	790	1	213	1773	1641	1862	557	891	513	3191	435	1060
merged_16S_85	0	0	0	0	0	0	0	0	0	0	0	0	0	0	0	0	0	7	0	0	0	0	0	0	0	0	0	0	0	0	0	1	0	0	0	0	0	0	0	0	0	0	0	0	0	1	0	0	0	10586	0	0	0	0	0	0	0	0	0
merged_16S_87	687	5553	83	7235	5003	132	2283	4098	2020	3971	425	1327	10236	4218	4995	6668	517	4437	1453	8740	1794	0	2575	10757	0	3807	623	1122	4920	19387	4359	10831	3164	1573	3951	1735	404	17541	654	17368	1267	3422	1	4160	5076	922	1440	3119	381	3987	3299	1030	183	171	73	4253	7141	3931	5399
merged_16S_90	362	4195	19	5537	2680	595	427	2582	849	1785	63	848	15202	2402	775	4955	78	2776	937	5612	610	0	577	4963	0	1959	176	174	546	7890	2733	4002	2664	178	1736	662	0	8707	273	11240	434	22	0	4710	816	149	823	0	164	587	597	396	87	145	31	1293	6094	2911	2374
merged_16S_91	1025	0	0	27	1	4573	0	0	0	0	568	2975	0	34	0	0	1807	0	81	2	1	0	1153	0	0	2527	0	604	0	0	0	307	0	143	0	1370	0	90	0	39	734	0	0	1	269	543	0	0	0	356	1199	378	194	431	802	0	0	0	2
merged_16S_94	3251	33	22	1	0	1031	0	0	0	0	77	1419	51	305	115	41	609	0	13	1028	0	0	119	0	0	6493	0	739	408	186	1	55	0	7328	1	0	0	0	0	1	166	0	0	11	280	2100	53	0	0	354	966	292	346	97	2296	1	307	1	104
merged_16S_95	5617	2029	23	1582	457	107	475	1147	333	637	304	1498	1149	1179	276	2233	413	702	401	2313	878	357	1230	1560	147	1702	187	3767	1068	4326	1230	5020	853	452	36	778	95	5955	1144	3336	2994	1843	0	1257	458	127	571	903	0	1315	2039	474	111	96	54	1213	2009	1182	1408
merged_16S_108	7159	1708	43	1659	1314	7819	671	1381	243	965	1677	8017	1143	953	399	2589	5584	519	323	2477	1019	0	3792	2090	0	13851	228	3565	643	1842	638	1846	755	847	1016	5051	0	3270	2	4147	4375	658	0	1932	3979	3964	456	575	215	2953	8510	2280	863	736	1949	445	701	820	751
merged_16S_116	4052	1484	0	1229	1307	215	537	771	674	872	281	301	1671	1122	878	1808	1	777	1033	4360	927	0	253	2597	0	817	490	295	1416	6584	259	2366	607	236	0	34	1	4432	921	6043	246	2683	0	826	351	63	277	1073	1	0	2	2	19	23	504	226	706	737	512
merged_16S_118	32	0	0	0	0	72	0	0	0	0	0	64	0	0	1470	0	0	95	179	2756	0	0	0	0	0	0	23	0	1891	550	254	460	0	0	2	41	704	0	0	347	0	798	0	169	419	0	37	0	1	26	0	0	1	0	0	0	0	0	0
merged_16S_121	2018	1	0	17	0	2934	0	7	38	0	246	9113	0	40	0	0	2660	0	0	0	0	0	1502	209	0	7195	1	1368	114	2	1	1	0	996	0	1432	0	188	88	25	2815	2593	5	33	2352	2920	571	0	0	1499	13458	2094	1420	3004	1220	77	119	2	0
merged_16S_133	0	1157	27	1436	393	0	1384	289	62	381	1	2	1347	234	110	666	0	1476	468	1042	813	0	0	1857	1	329	82	1	49	1728	1	438	278	1997	1671	120	60	2756	1018	2454	138	592	1	358	2171	3	449	46	0	0	0	0	0	0	31	29	72	615	624
merged_16S_134	747	3	1	47	0	138	0	34	34	1	129	154	161	0	0	0	228	0	0	0	82	0	234	140	1	676	0	1170	0	366	448	1	0	1090	176	41	0	0	0	0	487	0	0	0	389	372	29	0	0	566	3525	765	533	155	184	0	727	19	122
merged_16S_137	950	25	0	0	0	345	0	0	0	0	95	363	0	0	8	0	225	0	0	6120	0	0	663	0	381	711	0	395	0	0	125	583	0	288	1	250	0	355	97	95	743	0	0	0	1635	209	198	0	0	2811	2126	592	1132	1073	90	0	0	0	0
merged_16S_146	0	91	0	13	0	0	0	14	0	1	0	0	314	188	103	581	0	492	0	1	134	0	0	167	0	77	0	0	0	349	0	0	0	0	0	0	0	1106	0	698	0	4367	0	135	68	0	78	0	0	0	0	0	0	0	0	0	0	0	0
merged_16S_148	137	119	0	137	264	295	16	13	0	89	1059	18	353	105	99	0	0	447	0	542	260	0	107	1902	0	62	1	405	0	99	0	230	0	277	0	79	0	1187	1	1649	115	2247	0	289	3698	94	1	0	0	4910	527	188	70	13	88	62	0	110	0
merged_16S_153	564	412	1	537	889	720	63	739	473	67	560	1126	1946	330	256	659	126	1	104	0	212	0	363	1035	0	815	200	1233	815	5178	2	2951	359	289	136	189	0	1658	163	2621	782	3198	1	610	1936	366	133	0	0	2149	4761	1864	418	641	700	433	695	2	1118
merged_16S_156	1520	87	24	52	124	3182	22	7	56	28	337	6930	43	64	12	54	5224	0	106	1	0	0	632	38	0	5258	0	397	136	368	51	262	107	847	0	1010	89	3	1	251	703	122	0	414	591	3709	133	0	0	22	946	364	212	1886	810	37	72	40	90
merged_16S_157	3647	0	0	33	22	4786	0	0	259	0	541	5294	49	18	29	56	3165	0	0	396	0	0	1672	253	0	2971	0	1153	0	1	0	177	55	568	0	1665	0	0	0	124	696	1	0	114	500	1911	118	0	0	0	344	175	98	167	2387	950	13	45	170
merged_16S_158	3921	1642	156	1684	2932	3045	670	2381	2341	399	4544	3579	3626	1383	4793	2080	798	604	187	2139	5	161	3580	4032	0	2954	74	8601	1207	7365	295	2053	1547	1049	2	5347	0	3182	159	5726	4555	1938	0	2515	2222	1189	435	1159	0	1439	11724	2071	876	479	2580	1844	4409	730	1623
merged_16S_162	522	170	87	1	0	898	0	140	10	33	357	421	0	0	12	130	208	23	181	3226	129	0	686	0	146	2522	74	2005	483	99	385	179	0	251	404	795	1690	266	1819	28	1158	5208	289	0	1276	784	44	81	290	10933	1440	945	537	225	470	0	22	1	1
merged_16S_165	10	122	0	246	46	82	17	89	6	123	9	311	123	103	128	187	0	63	50	1227	498	0	38	379	0	56	76	44	158	772	1020	381	27	1	16	28	512	774	544	698	0	0	0	0	0	1	64	245	161	8850	29	27	0	200	998	0	38	74	77
merged_16S_171	0	0	0	0	0	0	0	0	0	0	0	0	0	0	0	0	0	6	13	0	0	0	0	0	0	0	0	0	0	0	0	0	0	0	0	0	0	0	0	0	0	0	0	0	0	0	0	0	0	6892	0	0	0	0	0	0	0	0	0
merged_16S_173	60	122	16	356	694	0	0	25	138	13	40	0	172	129	20	86	0	92	0	0	0	0	0	0	0	222	141	247	88	4071	0	475	182	50	1	11	1	106	0	3305	134	0	1	107	1	0	24	0	0	0	0	0	0	0	177	56	167	86	695
merged_16S_175	2498	55	0	264	102	2222	27	1	79	57	512	1086	67	31	58	131	827	22	0	657	82	1	1278	86	0	1317	0	1434	22	795	543	139	48	28	0	1710	0	134	0	829	1592	2364	0	194	1069	525	56	0	0	0	5770	618	330	131	573	118	0	87	207
merged_16S_182	1278	19	0	90	811	0	272	515	219	12	4021	296	145	137	379	310	107	91	0	0	248	0	92	484	0	60	100	6471	348	2234	663	306	49	2384	969	38	0	88	0	896	57	0	1	84	0	374	34	301	0	0	1890	336	373	1	2092	138	1521	99	93
merged_16S_183	333	0	0	0	17	1303	199	6339	15	0	410	376	131	166	14	0	125	8	0	837	56	0	157	0	0	1282	40	2243	0	0	1	0	0	91	0	902	0	68	0	137	2061	0	195	0	743	708	102	0	0	5753	7015	2072	1523	52	738	0	364	0	7
merged_16S_185	4256	1562	735	236	401	1054	520	521	576	180	1188	2714	3422	454	264	535	359	660	383	360	251	0	1283	490	0	981	59	4365	433	3495	837	1866	19	1435	535	530	0	2849	1	580	2371	320	0	93	1803	728	125	136	0	0	987	727	292	82	2209	73	123	79	97
merged_16S_188	0	0	0	0	0	0	0	0	0	0	0	0	0	0	132	0	0	0	0	0	0	0	0	0	0	0	0	0	0	0	0	0	0	0	0	0	194	0	0	21	0	1	0	0	0	1	0	0	0	29500	0	0	0	0	0	0	0	0	0
merged_16S_192	1600	619	35	325	326	373	36	126	194	0	91	301	789	408	481	263	407	417	0	0	149	0	363	308	0	1735	158	951	668	813	3	644	319	807	0	660	0	231	1	1808	806	183	0	600	2647	1211	102	0	0	427	10562	1328	687	152	72	82	342	1	735
merged_16S_203	507	0	0	0	0	526	0	0	0	0	1	1503	0	54	109	78	657	0	0	0	337	0	275	0	0	945	0	108	93	0	0	0	0	627	0	159	0	0	0	0	139	0	0	0	0	569	0	0	0	0	0	0	0	0	155	0	0	0	0
merged_16S_206	895	774	81	343	871	1496	68	313	166	16	1545	962	1688	359	437	746	162	646	181	2552	0	126	383	774	1	2365	22	2658	2895	865	1414	6513	254	866	1549	259	0	1677	0	5792	948	189	0	735	2745	502	30	261	0	884	6713	1440	371	680	547	421	339	290	1401
merged_16S_208	567	0	0	0	0	1251	1	2	0	1	592	1088	1	7	0	0	119	0	1	1248	0	0	1450	0	0	1337	1	2612	4949	0	1	0	0	117	0	558	0	0	0	34	2428	0	0	35	0	582	14	2	0	3456	337	174	237	168	715	0	0	0	0
merged_16S_210	0	6177	3690	24	0	0	0	0	0	0	0	244	0	0	0	77	0	0	0	0	0	0	0	0	0	0	0	0	0	0	0	0	0	0	0	0	0	0	0	34	0	0	0	0	0	0	0	0	0	0	0	0	0	0	0	0	0	0	0
merged_16S_211	1063	183	0	134	208	83	104	67	0	1	0	0	60	901	431	75	16	59	119	554	165	0	53	48	0	778	0	0	324	166	0	497	22	2201	0	232	0	709	0	540	123	0	0	33	0	296	33	0	0	0	693	0	0	0	302	0	1	53	234
merged_16S_217	0	4466	327	11617	1360	0	895	4681	2132	6366	2	0	4858	2111	362	5628	1	2824	1588	4021	1941	2	199	15318	2	1902	242	13	676	3565	695	864	4554	0	568	39	86	13523	622	10528	152	4998	0	11519	1606	0	895	947	485	0	1	1	0	0	1	761	515	4804	1544
merged_16S_223	733	4	0	0	0	161	0	0	0	3	83	58	13	0	16	0	55	228	0	0	0	0	110	0	0	737	0	433	5573	1	2	0	1	49	0	190	0	0	0	35	221	0	0	0	0	113	0	0	0	330	289	197	297	77	184	0	26	0	0
merged_16S_224	0	0	0	19	0	1	0	0	0	0	0	14	0	51	0	24	0	0	0	2341	552	166	0	157	450	162	75	0	0	116	833	99	0	0	421	7	392	0	54	26	30	1386	1008	0	0	89	109	433	177	521	1	0	141	0	508	0	0	1	0
merged_16S_227	1121	10	0	0	0	39	1	36	0	0	223	0	46	100	7	31	145	304	17	1922	73	339	31	1	890	31	60	250	73	0	0	59	0	80	1	0	423	123	810	177	117	1479	0	53	1823	18	171	143	0	8494	1307	385	357	1	1117	0	115	0	17
merged_16S_232	786	0	1	220	591	1340	0	0	40	0	595	7113	0	0	0	87	2056	0	0	0	0	0	950	202	0	414	0	224	0	0	0	0	76	78	0	728	122	163	0	491	1035	0	0	162	4	294	0	0	0	0	100	110	80	172	232	1	241	123	114
merged_16S_236	0	0	0	0	0	0	0	0	0	0	0	0	1	0	593	0	0	0	0	1860	0	210	0	0	327	0	84	0	406	598	0	0	0	0	0	0	0	0	0	184	0	0	0	0	0	0	0	1	0	553	0	0	50	0	0	0	0	0	0
merged_16S_242	4550	1	0	66	0	5247	0	0	73	17	281	2818	24	20	0	126	1728	60	92	0	112	0	595	29	0	2344	0	1626	0	301	22	699	49	894	0	425	0	238	0	301	425	1063	0	112	1008	1056	62	0	0	2	3693	874	618	619	2744	39	0	0	1
merged_16S_244	1060	0	0	0	0	1719	0	9	2	0	103	7216	18	0	15	0	971	0	29	27	0	0	2572	1	0	1212	0	537	0	559	0	0	0	7	0	1956	0	0	0	43	1781	540	0	0	271	318	127	0	209	0	306	283	173	204	588	26	0	0	0
merged_16S_252	0	0	0	0	0	0	0	0	0	0	0	0	0	0	2359	1	0	0	0	1062	3	18	1	56	2	0	15	0	2	0	2205	150	0	1	964	0	1143	0	1	44	1	606	4	0	1045	0	0	0	5	612	0	0	0	0	0	0	0	0	0
merged_16S_261	637	108	0	177	0	370	0	168	338	257	70	724	3030	34	308	60	82	0	0	0	0	0	662	85	0	1898	139	1012	61	138	0	982	105	1032	0	71	0	172	0	508	1144	0	0	81	715	553	0	0	0	745	640	973	481	285	817	132	139	57	168
merged_16S_264	2666	43	4	0	64	1220	34	10	29	60	0	517	87	0	557	2	167	79	0	0	53	1	1368	558	0	1705	0	1262	0	2	0	257	12	1461	219	1287	0	169	0	138	853	689	0	18	686	820	58	0	143	6698	4150	893	1896	695	1263	0	24	42	127
merged_16S_266	172	843	0	802	25	716	90	1050	199	44	648	660	722	186	1	828	1111	331	439	754	800	0	247	1709	0	1219	114	290	666	951	654	1336	422	199	845	1124	365	1622	1326	825	772	0	0	510	1065	665	34	402	0	0	46	245	94	1062	100	738	246	555	147
merged_16S_270	0	0	0	0	4	0	2559	0	0	1	1	1	917	113	296	0	0	336	107	0	208	0	0	890	0	0	1	0	0	937	0	386	0	0	0	0	340	225	0	585	23	1267	0	90	0	0	40	0	0	0	0	0	0	0	1	0	143	2	1
merged_16S_271	1949	60	6	356	244	3014	20	112	34	92	726	2108	541	209	73	393	1151	243	260	1280	31	1	1154	222	0	3504	136	963	186	352	316	1282	167	558	0	1295	0	829	0	1736	436	2	0	657	1637	1054	45	0	0	0	122	154	0	115	1403	16	63	144	108
merged_16S_287	192	0	0	0	0	940	0	0	0	0	321	499	0	79	0	0	219	0	0	0	0	0	209	0	0	6027	1	529	0	0	0	0	0	117	0	222	0	0	0	0	1239	0	0	0	204	846	97	0	301	1878	366	236	97	97	200	0	0	0	0
merged_16S_289	974	1	0	0	0	2212	0	0	1	0	492	4638	0	0	0	0	611	0	0	1	0	0	731	0	0	2708	0	917	0	0	0	0	0	310	0	674	0	0	0	0	1361	983	0	0	213	1666	81	0	0	0	390	123	64	144	633	0	0	0	0
merged_16S_293	0	2770	1836	34	0	0	0	0	0	0	0	0	81	0	0	0	0	0	37	0	0	94	0	0	0	1	0	0	0	0	0	0	0	0	150	0	0	0	0	0	0	0	0	0	0	0	0	0	176	0	0	0	0	0	0	0	0	0	0
merged_16S_307	711	0	0	15	0	2227	0	0	0	0	1311	1614	0	62	63	25	756	17	60	553	298	0	621	2	0	4969	10	2452	706	0	1058	0	0	1107	73	668	130	84	0	282	1581	1969	429	14	375	1811	297	128	995	612	845	270	299	143	325	0	1	0	0
merged_16S_310	448	0	0	2	0	3867	22	0	0	0	1983	3713	0	0	8	0	176	0	0	208	0	0	1262	1	0	6555	0	9128	0	1	1	0	0	181	0	5662	152	26	0	0	2067	91	0	0	0	660	109	0	0	0	202	164	111	976	745	0	0	2	0
merged_16S_318	0	0	0	0	0	7	0	0	0	0	0	0	0	0	331	0	0	0	0	0	0	0	0	0	0	7	941	0	0	0	3344	427	0	0	0	0	458	0	0	129	0	0	0	0	0	0	0	0	0	0	0	0	0	0	0	0	0	0	0
merged_16S_335	1272	322	0	1176	817	3584	222	521	196	129	423	1777	685	358	282	1367	1011	222	155	2340	150	0	2049	1580	0	3959	164	1918	843	2908	383	3175	593	566	1166	1328	0	1955	0	2457	1994	3533	2	1771	2542	1329	274	406	287	2	2715	1725	616	549	1450	350	312	493	1290
merged_16S_339	85	0	0	0	0	0	0	0	0	0	119	0	0	0	23	45	0	0	35	321	0	0	0	0	149	0	0	218	0	0	546	354	0	1	0	0	97	25	0	0	77	0	3519	59	0	0	68	0	0	0	0	0	0	0	32	0	0	0	0
merged_16S_340	0	0	0	0	0	0	0	0	0	0	0	0	0	0	0	0	0	0	0	0	0	0	0	0	0	0	0	0	0	0	0	0	0	0	0	0	0	0	0	0	0	0	0	0	0	0	0	0	0	3899	0	0	0	0	0	0	0	0	0
merged_16S_343	726	400	193	307	218	797	83	45	232	64	1142	201	462	147	37	371	721	0	44	1621	0	0	2228	434	0	1936	78	2058	28	386	240	80	40	438	412	1675	0	1181	1	820	1290	140	0	296	674	762	127	0	0	312	1306	902	376	0	599	93	331	90	174
merged_16S_345	225	0	0	0	0	214	0	0	11	0	6	24	0	0	6	44	69	0	0	0	0	0	137	0	0	123	0	105	0	0	0	0	0	12	0	73	0	0	0	0	72	0	0	0	381	64	73	0	0	5667	791	234	57	609	32	0	0	0	0
merged_16S_369	758	0	0	135	0	477	0	16	286	0	108	4437	0	0	23	68	461	0	0	604	0	0	177	0	1	2943	1	976	0	115	0	0	0	460	0	86	0	262	0	0	1475	44	0	96	1661	0	0	295	0	2674	2772	1662	958	591	411	0	68	0	14
merged_16S_371	518	21	33	139	0	839	11	312	1	0	251	1625	63	44	163	26	403	0	0	656	0	0	41	0	0	2843	0	1019	412	0	2	1	28	593	0	75	379	268	1	336	858	1140	870	0	294	2009	312	0	0	1039	256	278	118	250	330	4	22	0	0
merged_16S_377	350	0	0	18	0	2	0	0	1	16	89	1039	0	0	0	33	512	0	0	0	0	0	0	0	0	686	0	560	0	0	0	0	0	643	0	227	0	0	0	0	571	0	0	0	1112	681	0	0	0	0	3219	795	606	135	0	0	0	1	0
merged_16S_391	535	84	0	0	104	738	326	0	0	0	106	1286	1	87	1	20	419	44	0	4	0	0	310	56	0	1552	0	143	45	320	0	1	1	26	0	94	0	416	0	88	191	0	0	1	0	251	1	0	0	80	206	81	51	45	661	2	0	2	0
merged_16S_401	0	0	0	0	0	0	0	0	0	0	0	0	0	0	288	0	0	0	0	140	0	0	0	0	0	0	1	0	0	0	662	0	0	0	0	0	61	0	1	0	21	0	0	0	0	0	0	1	0	9711	0	0	0	0	0	0	0	0	0
merged_16S_402	0	85	0	99	16	0	0	39	0	31	0	0	248	0	0	0	0	244	81	1105	0	0	0	419	0	0	0	0	121	89	0	222	0	0	0	0	0	238	0	525	0	0	0	0	0	0	52	395	0	0	0	0	0	0	0	0	0	0	0
merged_16S_404	498	9	0	0	0	429	0	0	0	0	0	537	0	0	0	0	0	82	0	0	124	0	0	0	165	956	0	243	1246	263	0	0	0	735	513	0	0	0	1	68	336	182	0	0	485	139	106	179	0	6078	1145	379	414	122	49	1	0	0	0
merged_16S_410	1559	1805	191	0	0	293	0	169	100	0	1468	2173	38	0	59	0	605	0	168	859	0	0	169	0	0	630	0	2669	0	229	0	0	0	1580	0	272	0	107	0	36	506	0	0	0	1034	550	36	0	0	746	5089	1108	715	204	118	61	0	1	0
merged_16S_432	0	0	0	0	0	0	0	0	0	0	0	0	0	0	0	0	0	0	0	0	0	0	0	0	0	0	0	0	3248	0	0	0	0	0	0	0	0	0	0	0	0	0	0	0	0	0	0	0	0	0	0	0	0	0	0	0	0	0	0
merged_16S_450	250	551	0	824	667	315	31	337	234	237	235	428	1717	1102	2409	587	505	313	406	487	1284	0	347	783	0	584	231	1529	1757	4760	982	968	187	854	481	158	0	1309	0	3009	710	0	0	480	378	835	164	0	0	0	304	280	27	146	1548	71	1012	117	489
merged_16S_453	0	518	0	404	6	0	79	91	9	37	1	0	308	142	195	156	0	82	209	2	0	0	0	153	0	93	36	0	0	190	0	0	0	34	1236	0	0	782	0	0	22	0	0	0	0	5	0	360	0	0	0	0	0	0	15	24	58	34	0
merged_16S_455	297	0	0	0	56	65	0	0	0	0	200	56	66	19	53	0	5	0	0	0	0	0	132	0	0	1211	0	311	0	498	0	0	8	23	0	12	0	0	0	126	480	0	0	0	843	17	20	0	0	293	1259	1907	612	15	131	17	1642	12	47
merged_16S_456	884	594	89	1492	1575	2196	247	588	433	157	987	2954	2640	666	499	1625	562	563	128	2	734	2	1104	1697	1	2634	108	1899	1942	3484	1	2231	708	544	4	1026	2	2427	6	3445	1331	1173	0	1946	1549	1282	177	260	392	1676	2763	1030	373	461	717	505	740	735	931
merged_16S_463	124	115	0	0	455	17	110	0	57	0	22	14	305	43	203	256	0	63	81	923	393	480	69	40	0	42	0	2	0	730	0	667	593	41	0	118	0	523	0	1350	0	0	0	32	0	0	14	0	0	0	169	0	0	0	0	196	547	0	133
merged_16S_464	0	0	0	0	0	1233	6	0	0	0	0	0	0	0	0	0	121	0	0	0	0	0	0	1	0	2019	0	0	0	0	0	0	0	0	0	70	0	67	0	0	202	0	0	0	0	0	0	0	0	0	0	0	0	271	146	0	0	0	0
merged_16S_467	9	0	0	24	0	59	0	0	0	4	0	20	0	0	83	83	0	0	0	0	0	0	0	0	0	7	42	52	0	0	0	556	0	56	1535	0	903	50	0	0	8	1075	0	0	1222	1	87	0	0	2284	12	0	0	0	28	0	4	17	0
merged_16S_471	1674	492	185	0	639	378	0	11	222	114	2228	1194	234	0	11	0	686	227	0	617	0	0	148	0	138	249	20	1960	199	0	0	0	308	2118	0	358	0	764	0	14	374	1	0	1297	503	960	107	0	0	101	5410	621	206	346	319	0	1	0	246
merged_16S_486	3	391	0	835	1255	43	244	542	132	100	172	342	3364	296	206	777	122	375	283	12	630	0	309	772	0	420	92	1295	966	4792	741	2824	804	90	2	158	0	1553	0	670	172	29	0	1271	1	202	317	241	0	156	468	214	19	89	21	1225	3252	340	569
merged_16S_493	200	286	1	111	1	1	58	141	185	111	155	440	192	0	0	374	152	73	60	853	67	0	769	328	0	190	0	819	0	0	0	562	0	0	1	833	0	547	0	451	500	0	0	0	1	84	91	0	0	1	0	1	0	0	36	1	0	0	398
merged_16S_501	92	363	1	147	208	37	178	127	1	145	79	22	77	62	517	267	32	9	38	1567	272	620	45	229	1	125	0	12	224	1518	145	769	202	0	4	71	3	499	4	491	71	3472	1	174	3	0	2	3	380	4	4	138	0	0	0	47	53	83	115
merged_16S_503	249	171	0	442	149	195	52	249	43	61	19	232	690	65	138	365	178	77	153	2	680	489	244	149	337	734	29	681	162	751	2795	1169	140	199	1313	50	400	3007	0	662	369	395	319	735	249	138	96	218	0	1344	190	25	0	84	51	113	990	138	137
merged_16S_511	1601	173	1	72	0	0	15	205	24	0	0	16	399	36	432	337	0	0	96	374	0	0	64	373	0	155	0	1	0	535	277	0	0	0	0	1	0	135	1	382	0	433	0	1	0	0	101	440	108	0	4	0	1	0	396	1	45	114	35
merged_16S_512	116	0	0	245	1	1267	18	17	0	7	347	374	0	29	28	57	144	22	0	1205	0	0	90	0	1	2661	0	429	0	0	2	201	1	125	408	685	633	55	0	258	1914	1295	0	0	5396	1401	231	301	1	4140	2107	1769	1059	3355	732	0	0	0	1
merged_16S_517	233	0	0	0	0	278	0	0	0	0	54	676	0	0	0	0	201	0	0	0	0	0	85	1	0	601	0	271	0	0	0	0	0	0	0	74	0	63	0	0	60	0	0	0	210	724	126	0	0	0	0	0	0	0	80	0	0	0	0
merged_16S_527	0	1755	882	11	0	0	0	0	0	0	0	0	0	0	0	0	0	0	0	0	0	0	0	0	0	0	0	0	0	0	0	0	0	0	0	0	0	40	0	0	0	0	0	0	0	0	0	0	0	0	0	0	0	0	0	0	0	0	0
merged_16S_529	601	21	0	0	0	772	0	0	0	0	1083	370	0	0	0	26	107	0	0	121	0	0	491	0	0	1493	0	1770	0	0	1	0	0	679	0	681	0	0	0	55	259	811	0	0	428	1259	80	0	0	0	3444	966	1480	0	344	0	0	0	0
merged_16S_534	0	398	5	112	86	0	61	42	47	399	44	31	159	276	54	163	0	125	51	772	0	0	18	239	0	281	120	226	0	818	0	0	0	24	1	0	0	1031	0	730	77	0	0	307	439	0	89	148	0	0	106	352	78	37	20	1	71	72	294
merged_16S_538	0	376	0	1192	121	0	430	734	103	489	0	0	883	94	56	684	0	366	211	210	265	0	0	198	0	172	19	0	0	621	0	91	204	0	0	0	0	3597	837	204	0	9	0	199	0	0	0	208	1	0	0	0	0	0	0	29	191	782	51
merged_16S_557	1295	459	84	651	456	1717	108	286	29	60	1048	3037	702	254	327	662	679	156	65	1	656	0	1627	1123	0	1259	82	1786	552	376	337	811	54	349	1	811	0	588	1	775	1511	2	0	334	938	653	91	0	0	942	1380	383	141	8	714	306	369	317	98
merged_16S_575	263	451	0	654	661	282	236	445	177	118	317	209	1852	533	1271	824	1	246	30	360	1	0	310	588	48	1471	139	960	102	4621	2	1847	134	428	168	631	0	2242	1	4225	1118	2571	0	283	1870	588	161	480	0	0	2612	1040	234	217	146	307	717	418	312
merged_16S_584	13	60	0	1	0	0	0	97	190	131	0	0	84	572	144	269	0	0	0	840	227	0	1	0	0	48	1	46	240	1089	426	1113	0	0	0	0	0	777	0	498	0	2	974	23	4	0	30	0	0	487	441	1	0	0	0	0	92	0	461
merged_16S_590	358	1074	51	1352	420	815	596	1188	17	477	300	538	983	701	386	1752	113	578	934	1837	146	110	397	3259	0	1002	85	767	788	2332	517	553	146	160	1692	253	0	4994	0	4263	210	1658	0	651	960	307	235	1208	196	0	296	2	88	164	238	118	367	704	494
merged_16S_592	6	944	0	1732	385	27	306	1296	108	715	17	0	2560	1009	558	1834	1	1131	508	1024	499	0	29	1388	0	648	164	146	1508	2407	353	2484	594	145	235	29	0	4163	1	4145	195	3	0	806	1164	147	345	1120	0	445	771	76	1	11	83	410	1511	877	717
merged_16S_601	206	0	0	0	0	0	0	0	0	0	0	196	0	0	79	0	49	0	0	581	0	0	29	54	0	0	0	112	0	0	933	0	0	44	0	34	0	0	0	398	650	0	0	405	0	0	0	0	0	0	32	89	0	41	0	0	32	0	0
merged_16S_606	2212	0	0	55	43	63	8	0	0	0	83	210	109	0	0	0	1	38	0	17	0	0	107	144	0	386	57	487	307	52	1	1029	0	11	210	0	29	27	0	1771	341	0	0	0	78	1	80	0	299	2315	370	48	163	596	0	0	1	0	0
merged_16S_630	24	359	24	420	296	43	7	0	156	1	0	0	627	1	84	107	0	3	0	2	0	0	0	77	0	21	0	0	0	461	0	102	414	9	261	0	0	118	0	844	27	0	0	261	1	0	62	0	0	0	20	0	0	0	0	297	287	271	288
merged_16S_639	0	2	0	0	0	0	0	0	0	1	0	0	19	35	0	11	0	0	27	1162	0	0	0	0	205	0	40	0	0	56	0	0	0	0	0	0	0	2	399	0	0	0	0	0	0	0	0	141	308	275	0	0	0	0	0	0	0	0	1
merged_16S_640	163	269	23	1265	54	188	39	145	1	96	162	3372	36	100	73	135	21	28	0	273	0	0	1	448	1	2348	0	226	0	1301	0	274	77	47	0	26	1	224	0	384	1243	0	0	571	1467	185	118	0	1	1805	1314	1490	660	69	63	686	1345	532	233
merged_16S_657	21	870	261	70	1	1	0	1	31	12	0	5521	0	16	0	77	0	26	72	2	7	0	0	635	0	32	0	1	1	126	0	42	23	39	0	12	0	41	0	110	320	0	0	136	371	0	13	1	0	0	206	55	0	0	0	91	0	0	0
merged_16S_658	52	1	16	126	680	220	0	0	31	0	111	30	5	53	0	161	0	0	0	563	0	0	78	0	0	56	0	82	0	32	0	106	57	0	333	65	0	222	31	19	86	0	0	145	0	0	90	269	553	806	0	0	0	352	8	70	8	34	64
merged_16S_659	294	0	0	0	0	914	0	0	0	0	242	778	0	0	0	22	302	0	0	0	0	0	109	0	0	2045	0	88	0	0	0	0	0	1	0	186	0	0	0	0	281	0	0	0	0	488	44	0	0	0	167	128	38	516	48	0	0	0	0
merged_16S_663	9	40	0	39	0	154	0	15	1	0	336	189	0	1	50	47	30	0	1	593	0	0	0	149	0	174	16	1052	159	616	0	0	46	298	0	0	0	601	0	30	202	0	0	150	1167	339	93	0	0	2712	1432	748	505	1134	60	53	12	0	87
merged_16S_664	264	130	0	260	15	437	280	0	43	67	725	428	0	0	42	144	1949	0	0	1	0	0	2	51	0	189	0	1676	504	1021	0	342	48	1792	168	87	0	213	0	41	493	2	0	87	1000	203	37	0	0	233	1081	150	249	849	414	51	56	266	20
merged_16S_669	0	166	1	410	358	0	1	97	90	53	22	477	197	169	52	310	0	56	77	920	275	0	1	162	0	751	99	15	0	223	0	225	54	0	0	24	0	827	1	72	0	481	142	511	381	9	67	166	282	0	18	11	0	0	0	139	437	109	136
merged_16S_670	730	36	0	139	48	22	0	0	0	1	27	0	101	125	1	0	0	11	21	500	3	0	0	200	0	24	0	47	0	400	0	0	0	0	0	0	0	388	0	261	30	0	0	0	1	30	34	255	0	0	116	35	20	10	0	0	0	1	41
merged_16S_691	35	135	0	408	558	167	50	391	315	106	0	29	778	197	232	109	96	107	60	1	941	123	22	132	2	1869	0	216	298	5769	0	5052	151	117	48	15	0	504	355	1089	339	545	0	525	1072	19	106	1	0	240	1248	1066	211	0	55	341	827	215	271
merged_16S_705	0	115	0	14	0	44	118	0	0	0	1	191	1559	0	0	0	74	0	39	1	0	0	1	0	0	193	87	614	574	445	0	0	0	339	0	0	549	256	0	182	213	0	0	95	0	115	83	0	1	1332	199	1	0	0	0	186	176	0	80
merged_16S_712	0	0	0	0	0	1	0	0	0	0	1	115	0	0	0	0	1	0	0	0	0	0	0	0	0	137	0	1	35	0	0	0	0	0	0	0	0	42	415	0	96	0	0	0	1547	104	46	0	0	2070	439	256	4	205	1	0	0	0	0
merged_16S_715	512	1	0	0	0	1727	0	36	0	2	110	344	0	0	0	0	238	0	0	0	0	0	717	1	0	1052	0	264	1	66	0	0	0	316	0	69	0	0	0	0	229	0	0	2	0	193	0	0	0	215	2483	526	489	123	114	0	0	61	0
merged_16S_718	751	0	0	0	0	1075	0	0	14	0	967	768	1	0	1	0	280	0	0	700	0	0	308	0	0	1089	0	856	0	0	334	531	0	237	0	233	0	0	0	0	562	1	0	0	467	215	0	0	0	363	2803	550	550	340	432	1	0	0	0
merged_16S_723	102	0	0	0	0	40	0	0	0	0	34	173	0	0	35	0	142	0	0	0	0	0	61	0	0	987	43	120	0	164	0	0	0	73	563	32	0	0	2	56	250	0	0	0	771	625	246	0	162	932	1566	629	350	3075	117	0	0	0	0
merged_16S_724	0	0	0	210	176	2	0	119	55	71	30	1	159	82	347	900	26	31	94	554	333	0	8	88	0	17	0	28	0	649	38	858	428	0	0	21	0	1309	0	802	0	0	0	433	1	0	112	466	0	0	0	0	0	71	0	44	607	0	335
merged_16S_753	1052	86	0	61	86	669	0	11	62	0	86	409	209	618	0	0	136	113	0	0	0	0	79	0	1	862	0	492	336	278	0	0	0	295	0	345	0	105	0	257	547	21	0	38	802	261	0	0	0	835	1218	288	209	66	294	0	0	0	0
merged_16S_754	118	84	0	251	72	596	46	0	136	18	0	1743	38	19	0	231	297	41	55	1	0	0	191	102	0	362	0	0	0	0	233	362	0	0	1	309	0	255	0	532	274	0	0	177	222	122	59	291	0	0	7	51	0	489	49	1	0	0	255
merged_16S_767	110	0	0	28	104	41	86	1	129	88	0	0	103	0	305	281	0	0	56	187	0	0	0	418	0	58	0	0	178	1073	453	929	2	1	384	53	0	333	0	232	0	0	0	101	0	0	0	167	0	0	0	1	0	0	0	90	253	0	76
merged_16S_770	0	0	0	0	0	30	0	0	0	0	0	198	0	0	368	74	0	0	1	779	0	0	0	0	0	0	0	0	1	0	2616	0	0	0	0	0	160	2	1082	25	0	0	0	0	0	0	0	824	0	1898	0	0	0	0	0	0	0	0	0
merged_16S_783	27	1704	248	201	0	0	0	182	0	104	0	0	818	84	0	187	0	55	0	0	0	0	25	1	0	2	0	57	124	3	0	2	0	0	0	0	0	728	0	198	13	0	0	0	0	0	8	0	0	224	0	0	0	0	0	0	0	111	0
merged_16S_835	78	0	0	0	0	0	0	0	0	0	1	121	0	0	0	0	180	0	0	0	0	0	708	0	0	147	0	2	0	0	1	0	0	0	0	666	0	0	0	0	0	0	0	0	0	0	0	0	0	0	0	0	0	0	0	0	0	0	0
merged_16S_857	0	0	0	0	0	0	0	0	0	0	0	0	0	0	0	0	0	0	0	0	0	0	0	0	0	0	0	0	0	0	0	0	0	0	1792	0	0	0	0	0	0	0	0	0	0	0	0	0	0	0	0	0	0	0	0	0	0	0	0
merged_16S_894	17	72	2	248	197	1	119	265	201	142	7	50	165	81	164	320	241	125	235	482	270	0	176	231	0	166	97	605	57	1	1	791	22	62	0	57	298	803	1	454	582	1	0	384	563	227	105	117	232	930	18	467	29	79	0	62	784	51	93
merged_16S_915	280	11	0	39	50	1044	0	30	16	0	96	1665	71	66	100	13	234	77	0	508	0	0	322	14	0	724	24	121	174	373	0	121	44	9	0	449	0	181	0	186	206	0	0	21	247	219	0	0	0	1	64	59	6	117	280	27	63	37	7
merged_16S_918	0	301	11	530	2	0	0	1316	0	325	0	0	308	303	0	141	0	117	41	4	0	0	0	295	0	142	0	0	0	264	150	0	1	0	0	0	0	1118	1	112	0	1170	0	772	0	0	18	0	0	0	0	0	0	0	0	1	64	46	22
merged_16S_944	46	44	0	0	0	62	0	0	0	0	2	0	116	0	0	36	0	41	0	1	0	0	1	0	0	98	0	0	0	1529	0	0	0	59	0	55	0	0	0	127	0	0	0	0	2	60	0	0	0	534	2701	545	145	41	50	53	52	0	0
merged_16S_948	672	0	0	1	14	169	73	47	0	3	318	156	74	0	1	32	138	14	0	0	0	0	120	0	0	359	0	909	0	325	44	0	0	1406	0	253	0	52	0	213	362	0	0	32	1320	1086	0	1	1	127	7897	810	659	25	183	14	120	14	2
merged_16S_951	4	469	88	284	550	0	147	58	167	20	0	84	426	98	46	91	29	32	0	1	0	0	1	180	0	165	42	2	0	289	0	200	126	1	1	4	0	303	0	282	29	3	0	214	491	167	0	177	1	0	0	336	324	0	0	274	754	69	134
merged_16S_961	0	0	0	21	0	3	0	3	0	0	0	0	27	0	1	0	0	0	0	0	0	0	0	156	0	0	0	0	0	0	0	0	0	0	0	0	240	0	0	0	0	566	0	0	0	0	8	0	0	1184	5	1	0	0	0	0	0	18	0
merged_16S_988	0	1	0	1	90	0	0	8	0	41	0	48	118	1	0	1	0	0	160	1	0	0	0	433	0	0	64	0	301	434	230	0	25	19	0	0	0	519	0	156	0	0	0	21	0	0	0	0	0	0	0	0	12	0	0	27	199	1	0
merged_16S_991	0	0	0	0	0	0	0	0	78	0	0	0	1544	0	1	42	0	46	0	0	0	0	0	0	0	0	0	0	0	0	0	0	137	0	203	0	0	0	0	0	0	0	0	119	0	0	0	0	0	0	0	0	7	0	0	0	0	0	171
merged_16S_1018	1625	76	0	19	18	122	0	0	1	32	0	42	51	46	0	118	0	0	0	0	0	161	137	41	0	195	21	79	0	70	0	0	0	0	0	176	0	75	0	130	136	0	0	1	0	64	0	0	0	2	50	0	0	0	44	0	0	0	13
merged_16S_1020	0	306	0	0	0	0	2	23	2	1	0	0	126	103	1	3	36	109	67	12	4	0	25	92	0	1	0	0	210	673	6	73	37	17	0	7	0	355	1	5	65	1	0	2	0	0	57	3	0	0	0	0	0	0	0	1	0	2	0
merged_16S_1046	0	52	0	78	561	0	38	0	84	0	33	0	78	85	29	166	0	0	54	0	0	0	1	336	0	1	84	290	0	367	0	0	173	262	0	0	0	55	0	812	0	0	0	210	0	104	0	0	0	0	103	0	0	44	86	0	52	0	223
merged_16S_1048	0	127	0	85	148	0	0	9	22	91	0	0	171	153	0	0	0	102	64	35	179	0	0	51	0	129	0	0	0	115	0	331	35	155	0	0	0	476	0	165	0	0	0	207	0	0	0	0	0	0	0	0	0	0	0	38	0	134	281
merged_16S_1057	263	1	0	0	0	617	0	0	0	0	91	576	1	17	0	0	601	1	0	650	78	0	350	22	0	914	0	157	0	1	0	0	2	88	117	222	236	0	0	1	399	1	0	0	0	524	21	0	1	342	915	312	46	360	478	0	0	0	0
merged_16S_1067	0	0	0	0	0	0	0	0	0	0	0	111	208	0	0	0	0	0	0	0	0	0	0	0	0	1	0	0	50	0	0	0	1	0	0	0	0	24	0	287	483	0	0	0	369	120	0	0	0	0	0	268	40	57	1	0	107	0	155
merged_16S_1079	0	586	0	797	93	0	85	259	48	239	0	3	453	164	15	206	0	225	82	0	1	0	0	305	0	74	1	0	19	834	0	500	31	0	2	0	0	1176	0	968	0	935	0	367	0	57	0	449	107	0	25	0	0	0	0	123	79	239	286
merged_16S_1082	0	122	2	493	631	0	510	204	209	57	0	0	597	164	154	513	0	122	87	0	0	0	0	36	0	60	0	44	158	0	0	1446	169	138	0	0	0	193	0	411	0	234	0	121	0	67	98	244	0	0	44	11	0	0	62	197	65	181	378
merged_16S_1090	0	26	0	0	0	0	0	0	0	0	0	0	0	0	0	111	0	0	0	0	0	0	0	115	0	0	0	0	0	0	0	0	0	0	0	1	0	33	182	411	0	1	0	0	746	0	0	0	0	583	3871	527	824	23	0	0	0	37	0
merged_16S_1150	0	0	0	0	0	0	24	0	0	0	0	0	0	0	26	0	0	0	0	0	0	0	0	0	0	0	0	0	0	0	0	1124	0	0	0	0	0	0	0	217	0	0	0	0	0	0	0	0	0	0	23	0	0	0	0	0	0	0	0
merged_16S_1155	431	90	0	368	1	0	10	1	106	11	0	82	1604	32	0	253	0	233	0	0	0	0	0	9	0	221	43	217	0	1768	0	0	0	103	0	18	0	391	0	578	36	0	1	236	0	0	0	2	0	0	105	54	0	19	11	0	1920	307	188
merged_16S_1156	0	25	15	47	30	6	28	171	1	28	0	0	179	1	1	223	0	73	48	0	2	0	0	191	0	0	0	0	6	202	2	4	0	0	1	0	0	170	1	71	0	2	0	0	1	0	199	1	0	0	34	0	1	0	0	1	577	0	0
merged_16S_1192	78	0	0	0	1	322	0	0	0	0	155	236	0	0	9	0	96	0	0	0	0	0	130	0	0	348	0	268	0	0	0	1	0	0	0	214	0	72	0	0	324	0	0	0	0	86	0	0	0	0	0	0	0	0	26	0	0	0	0
merged_16S_1215	606	291	25	303	117	223	589	24	359	134	0	143	205	180	50	264	0	73	53	476	468	0	199	190	0	623	0	493	0	449	0	0	83	41	0	85	0	102	0	318	63	0	0	151	0	457	23	0	0	0	481	5	0	84	230	321	180	72	30
merged_16S_1236	0	0	0	0	0	0	0	0	0	0	0	0	0	0	0	0	0	0	0	0	0	0	0	0	0	1271	0	0	0	0	0	0	0	0	0	0	0	0	0	0	36	0	0	0	0	0	0	0	0	0	0	0	0	0	0	0	0	0	0
merged_16S_1240	127	200	0	667	215	0	11	54	0	66	49	0	152	13	0	133	0	85	12	0	0	0	0	671	0	0	0	0	1	639	0	0	302	1	341	16	0	194	0	344	0	1	0	297	1	0	0	0	0	0	411	0	0	226	0	76	1	353	336
merged_16S_1241	8	2032	1059	304	141	451	94	105	260	2	17	189	276	42	1	0	0	193	37	0	1	0	0	199	0	678	0	131	0	588	0	1076	39	1	0	146	0	258	593	176	195	0	0	82	0	282	80	1	0	231	360	0	0	0	134	225	117	145	48
merged_16S_1255	0	0	0	0	0	0	0	0	0	0	0	0	0	0	0	0	0	0	0	0	0	0	0	0	0	0	0	0	0	0	0	0	0	0	0	0	0	0	0	20	0	0	0	0	0	0	0	0	0	1249	0	0	0	0	0	0	0	0	0
merged_16S_1277	0	138	0	406	107	0	166	134	106	19	0	0	192	71	67	152	0	56	0	1	253	0	0	69	0	126	10	0	0	463	0	449	205	1	0	0	0	138	0	316	0	0	0	372	0	0	37	376	0	0	0	0	0	0	0	215	145	179	291
merged_16S_1283	0	0	0	150	0	0	207	360	0	1	0	0	157	0	0	150	0	2	0	1	1	0	0	247	0	1	55	0	0	1	0	0	1	0	0	0	0	54	0	40	84	1	0	0	0	48	73	0	0	0	21	0	0	0	0	0	0	0	0
merged_16S_1294	9	18	0	33	1	0	0	0	0	0	0	0	20	30	131	128	0	0	0	0	0	0	109	0	0	0	0	22	134	0	0	786	0	0	0	45	0	101	59	96	53	0	0	0	0	0	0	0	0	3157	28	43	0	0	0	40	1	7	21
merged_16S_1301	263	26	0	603	11	203	148	83	6	118	0	372	360	181	32	145	0	263	41	0	106	0	542	0	0	207	0	153	0	0	0	325	62	43	0	333	0	159	0	637	147	0	0	32	0	18	0	0	0	0	316	14	0	0	79	15	42	222	31
merged_16S_1314	0	0	0	0	0	0	0	1	0	25	1	0	0	0	0	0	0	181	73	1228	141	0	0	279	0	0	0	0	0	0	0	0	1	0	0	0	0	0	0	37	0	0	0	199	0	0	0	0	0	0	0	0	0	0	0	0	19	0	0
merged_16S_1315	0	0	0	0	0	0	0	0	0	0	0	0	0	0	0	0	0	0	0	0	0	0	0	0	0	1	0	0	0	0	0	0	0	0	0	0	0	0	0	0	0	1197	0	0	0	0	0	0	0	0	0	0	0	0	0	0	0	0	0
merged_16S_1342	0	0	0	0	0	0	0	0	0	0	0	0	0	0	0	0	0	0	0	0	0	0	0	0	0	0	0	0	0	0	0	0	0	0	0	0	0	0	0	0	0	0	0	0	0	0	0	0	0	1178	0	0	0	0	0	0	0	0	0
merged_16S_1372	138	104	0	147	16	0	37	241	0	24	1	302	62	37	2	51	83	47	70	2	0	0	26	1212	0	368	0	14	0	224	3	1	41	28	1	67	0	260	0	118	23	5	0	76	0	35	69	0	135	0	0	0	0	1	0	56	104	84	67
merged_16S_1377	0	1	0	0	0	0	70	130	0	39	0	0	83	0	1	0	0	131	0	0	0	0	0	405	0	1	0	0	0	0	0	0	0	0	0	0	0	89	0	0	0	0	0	1	199	0	0	0	0	434	0	0	0	0	0	0	0	0	1
merged_16S_1393	23	43	0	235	55	48	0	32	102	32	53	0	177	19	8	63	0	68	0	1	0	0	0	116	0	65	0	209	0	800	0	0	116	0	0	0	0	125	0	169	25	0	0	15	205	0	0	0	0	556	67	32	0	0	0	84	77	59	69
merged_16S_1394	0	0	0	22	25	0	44	11	0	0	0	0	36	0	694	0	0	0	0	0	0	0	0	130	29	0	0	0	0	232	482	0	12	0	0	0	69	0	418	104	0	0	0	23	0	0	0	0	0	1368	0	0	0	0	0	0	0	0	0
merged_16S_1398	0	0	0	0	0	0	0	0	0	0	0	0	0	0	0	0	0	0	0	0	0	0	0	0	0	0	0	0	0	0	0	0	0	0	0	0	0	0	0	0	0	0	0	0	0	0	0	0	0	1130	0	0	0	29	0	0	0	0	0
merged_16S_1444	86	0	0	0	0	0	0	0	0	0	0	68	0	0	0	0	50	0	0	0	0	0	0	0	0	442	0	0	0	0	0	0	0	521	0	1	0	0	0	1	0	0	0	0	0	0	0	0	0	0	0	0	0	38	0	0	0	0	0
merged_16S_1452	0	134	0	1	62	0	0	101	12	0	158	223	52	0	328	350	0	32	28	0	126	0	0	223	97	94	0	97	0	267	0	600	120	0	250	0	24	365	0	367	0	0	0	0	264	0	0	276	0	150	216	213	1	24	0	1	100	103	129
merged_16S_1454	0	0	0	125	109	0	0	0	50	0	0	0	0	38	0	0	0	80	0	0	0	0	0	0	0	0	0	0	0	0	0	0	271	0	0	0	0	0	0	0	0	0	0	63	0	0	0	0	0	0	0	0	0	0	0	113	190	58	73
merged_16S_1481	65	149	0	95	209	328	314	119	76	36	163	375	276	80	0	268	62	108	0	2259	173	0	117	377	0	429	39	560	99	586	58	1339	2	209	0	201	0	771	0	552	482	0	0	185	1620	121	67	0	0	0	488	208	11	95	182	12	0	83	35
merged_16S_1528	0	181	17	1	29	6	1	1	1	0	29	50	190	62	58	60	0	126	0	39	122	0	26	110	0	223	1	2	410	402	4	1131	0	57	0	0	0	330	0	1514	98	0	1	71	84	66	60	1	71	1	1415	161	262	1	73	1	33	1	1
merged_16S_1548	0	0	0	0	0	0	0	0	0	0	9	11	26	0	0	0	0	0	0	655	312	0	0	0	0	7	64	0	0	0	0	0	0	4	0	0	0	0	0	0	26	0	0	0	0	0	0	0	0	0	323	0	0	0	0	0	0	0	0
merged_16S_1549	144	15	0	0	0	208	0	0	0	0	146	29	0	11	0	32	102	0	0	1027	0	0	33	0	0	83	0	220	0	0	0	0	0	41	0	39	0	0	816	71	199	0	1	0	0	13	0	0	0	0	249	50	1	16	72	0	8	0	0
merged_16S_1665	0	0	0	0	0	437	0	0	0	0	0	267	0	0	0	0	365	0	0	1	0	0	0	0	0	0	0	0	0	0	0	0	0	0	0	0	0	0	0	0	0	0	0	0	0	0	0	0	0	452	0	0	0	0	27	0	0	0	0
merged_16S_1690	0	316	0	439	394	1	221	287	54	156	0	0	1095	163	30	335	0	226	77	2	3	0	0	211	0	93	130	0	125	1277	737	1700	179	2	1	0	0	851	1	1432	33	1	0	53	260	101	112	61	0	0	8	24	0	0	0	74	91	174	353
merged_16S_1710	0	870	91	19	25	0	0	0	22	0	0	1	0	0	0	0	0	0	0	0	0	0	0	0	0	0	0	0	0	0	0	0	4	0	0	0	0	92	0	0	0	0	0	13	0	0	0	0	0	0	738	0	31	0	0	0	0	51	58
merged_16S_1727	0	1	0	0	78	0	0	0	0	0	0	0	152	0	33	0	0	0	0	0	0	0	0	0	0	0	51	0	0	855	0	0	17	133	0	0	0	0	0	169	21	0	0	112	0	0	0	0	0	0	0	0	0	30	0	0	0	0	8
merged_16S_1784	555	1	12	11	12	352	0	1	0	0	197	419	13	24	0	0	158	0	0	0	0	0	727	0	0	659	0	682	0	0	0	0	13	123	0	390	1	0	1	0	612	0	0	0	766	104	0	0	0	177	462	380	178	0	398	0	23	0	0
merged_16S_1826	0	95	0	241	1	7	53	70	0	16	0	0	35	41	82	150	0	18	0	251	0	0	0	0	0	45	0	12	110	106	0	34	52	6	0	0	278	243	0	68	40	888	0	145	579	1	0	332	0	0	0	11	0	0	0	6	114	65	47
merged_16S_1846	0	0	0	0	0	0	0	0	0	0	0	0	0	0	0	0	0	0	0	0	0	0	0	0	0	0	0	0	0	0	0	0	0	0	0	0	0	0	0	0	0	0	0	0	0	1	0	0	0	0	865	0	0	0	0	0	0	0	0
merged_16S_1849	113	0	0	0	10	86	87	22	0	0	103	1	9	2	0	0	0	26	36	0	260	0	0	0	0	0	0	189	0	0	0	451	13	0	0	29	0	0	0	173	100	0	0	0	0	0	0	0	0	0	48	0	0	0	0	0	0	0	0
merged_16S_1858	0	0	0	9	0	0	0	7	0	0	0	0	1	33	0	0	0	83	0	0	0	0	0	92	0	0	0	0	0	0	0	2	0	0	0	0	0	0	0	43	0	858	0	72	246	0	0	0	0	0	0	0	0	0	0	0	0	0	0
merged_16S_1876	2	0	0	50	0	292	0	0	0	0	0	539	42	0	85	22	22	0	0	0	0	0	0	80	0	611	0	77	0	0	0	0	0	0	0	43	0	0	0	0	39	0	0	0	132	0	0	0	0	0	59	25	80	0	0	0	0	0	0
merged_16S_1907	0	0	0	0	0	0	0	0	53	0	0	0	0	0	0	0	0	0	0	0	0	0	0	1	0	66	0	30	0	1	0	0	0	41	0	1	0	0	0	338	73	0	0	0	145	0	0	0	0	837	35	380	23	0	0	0	0	0	0
merged_16S_1915	1	0	0	0	0	0	5	0	0	0	0	81	0	0	0	0	0	0	0	0	0	0	0	0	0	1	0	0	0	826	0	0	0	0	0	0	0	0	0	0	0	19	0	0	0	0	0	0	0	0	0	0	0	202	0	0	0	0	0
merged_16S_1921	0	0	0	0	0	0	0	0	0	0	2	0	0	0	0	0	0	0	0	0	0	0	0	0	0	0	0	8	0	0	0	0	0	0	0	0	0	0	0	0	4	0	0	0	22	0	0	0	0	994	0	20	30	0	0	0	0	0	0
merged_16S_1935	0	0	0	0	69	0	0	0	0	0	0	0	0	0	0	0	0	0	0	0	0	0	1	0	0	0	0	0	0	320	0	0	84	0	0	0	0	0	0	133	0	0	0	25	826	0	0	0	0	0	0	0	0	0	0	0	109	0	0
merged_16S_1941	0	0	0	0	0	0	0	0	0	0	0	105	0	0	243	118	0	0	0	0	0	0	0	0	0	298	0	0	0	0	1	0	24	0	0	0	0	2	0	76	2	90	0	1	0	0	38	0	0	1	0	1	0	731	0	0	0	0	0
merged_16S_1945	8	5	0	93	26	0	0	0	0	0	7	0	60	18	0	30	0	67	16	0	75	0	0	95	0	0	0	73	0	71	0	0	0	0	0	0	0	406	0	396	87	0	0	81	0	0	0	0	265	0	0	8	0	0	0	20	0	52	0
merged_16S_1980	0	0	0	80	0	0	0	0	0	1	0	17	88	0	0	0	0	116	16	0	0	0	0	155	0	0	0	0	0	0	0	0	0	0	0	0	0	243	0	1207	0	0	0	0	150	7	36	0	0	0	0	0	0	0	0	0	0	79	0
merged_16S_1998	0	0	0	32	75	0	0	90	0	82	0	0	325	0	0	390	0	0	0	0	0	0	0	1	0	54	0	0	0	171	0	0	1	0	0	0	0	0	0	47	0	0	0	0	0	0	0	89	91	0	0	0	0	0	0	0	0	55	0
merged_16S_2005	0	0	0	0	0	39	0	0	0	0	0	2	0	0	0	0	0	0	0	0	0	0	0	0	0	0	0	0	0	0	0	0	0	0	0	0	0	0	732	0	0	0	0	0	0	0	0	0	0	0	0	0	23	0	0	0	0	0	0
merged_16S_2023	0	0	0	0	0	0	0	0	0	0	0	0	0	0	111	0	0	0	0	678	0	0	0	0	0	0	0	0	0	1	0	1	0	0	0	0	3	0	2	0	0	0	0	0	0	0	0	1	2	124	0	0	0	0	0	0	0	0	0
merged_16S_2067	113	0	0	136	27	182	0	1	482	15	73	1	72	0	12	135	110	0	0	176	0	0	70	150	0	410	38	254	0	143	0	347	34	0	0	268	0	1	0	0	370	0	0	30	303	29	0	203	0	0	384	179	0	2	127	28	21	1	39
merged_16S_2109	79	11	0	0	0	108	0	0	0	0	21	5	0	0	0	0	20	0	0	0	0	0	131	0	0	197	0	41	0	0	0	0	0	18	0	34	0	0	0	0	0	0	0	0	0	90	0	0	0	0	0	12	0	0	0	0	0	0	0
merged_16S_2120	0	0	0	0	0	0	182	0	15	0	0	0	8	27	0	0	0	0	0	0	0	0	0	0	0	0	0	0	82	440	0	0	0	0	0	0	0	0	0	0	0	0	0	0	0	0	0	0	0	0	21	0	0	0	0	0	0	0	0
merged_16S_2125	1	0	0	0	0	84	0	0	0	0	1	105	0	0	0	0	65	0	0	0	0	0	0	0	0	369	0	51	104	0	0	0	0	11	0	41	0	0	0	0	39	0	0	0	0	199	0	0	0	0	0	1	0	91	0	0	0	0	0
merged_16S_2127	0	0	0	218	0	0	0	0	0	0	0	0	0	0	0	0	0	0	0	0	0	0	0	0	0	47	0	0	0	3	0	0	134	2	0	0	0	2	0	0	0	0	0	217	0	0	1	0	0	0	0	0	0	0	0	72	1	0	55
merged_16S_2132	0	0	0	0	0	0	0	0	0	0	0	0	0	0	5	0	0	0	0	0	0	0	0	0	0	0	0	0	0	0	0	0	0	0	0	0	0	0	0	1	0	0	0	0	0	0	0	0	0	742	0	0	0	0	0	0	0	0	0
merged_16S_2186	0	77	0	81	59	0	140	0	26	0	0	0	201	72	134	1	0	0	31	0	0	0	0	0	0	49	0	0	109	365	0	344	25	68	0	0	0	145	0	338	0	0	0	23	0	0	42	0	0	1	0	0	0	13	22	0	26	66	79
merged_16S_2194	0	0	0	0	39	0	20	48	0	0	2	0	0	0	573	0	0	14	0	1	0	0	2	0	0	0	0	66	0	74	3	0	0	0	0	0	0	103	0	66	0	0	0	0	0	0	73	0	0	0	145	189	80	0	0	0	0	1	0
merged_16S_2213	0	0	0	0	0	0	0	0	0	0	0	0	0	0	769	0	0	1	0	519	0	0	0	0	1	17	0	0	0	1	2	0	0	0	0	0	1	0	0	1	0	0	0	1	137	0	22	0	0	2	0	0	0	0	0	0	0	0	0
merged_16S_2220	0	99	0	298	0	77	34	76	31	0	0	7	121	70	0	42	0	0	0	346	0	0	0	0	0	309	0	89	0	115	0	0	0	5	0	34	0	0	1	25	21	0	0	0	175	0	46	0	0	0	336	228	0	140	15	0	0	189	0
merged_16S_2231	295	30	0	226	50	10	20	38	0	86	9	0	161	58	32	159	0	106	0	0	78	0	45	70	0	61	0	34	0	211	0	0	0	0	0	88	0	539	0	815	46	2	0	90	0	8	47	0	0	0	180	36	17	0	0	125	107	141	64
merged_16S_2238	566	0	0	0	0	151	0	0	0	0	0	11	0	27	56	0	0	378	0	195	89	0	0	1	45	0	61	190	1	0	0	108	0	44	0	4	210	0	462	22	351	81	480	0	0	0	42	106	0	341	552	17	175	1390	72	0	28	0	0
merged_16S_2262	198	0	0	2	134	254	87	65	105	0	94	462	1	29	192	0	1	0	0	2	160	0	92	58	0	88	0	190	1	172	0	2	0	1	0	2	0	41	0	0	201	0	0	1	281	67	86	2	0	0	1684	282	408	17	60	0	34	0	146
merged_16S_2283	22	0	0	0	0	38	0	52	0	0	0	67	174	11	0	182	25	25	0	0	0	0	62	0	0	440	0	38	0	278	0	0	0	0	0	0	0	0	0	58	96	0	0	0	0	82	80	0	0	0	158	0	67	54	76	0	0	1	0
merged_16S_2294	0	0	0	0	0	0	0	0	0	12	1	0	1	35	67	0	0	0	0	613	0	0	0	0	0	22	0	0	0	224	0	216	24	0	0	0	0	0	0	187	0	0	0	0	187	0	0	0	0	245	0	0	0	0	0	0	0	0	0
merged_16S_2303	191	259	0	216	172	105	41	32	1	33	58	37	343	121	14	137	35	91	199	0	1	0	346	471	0	274	0	534	306	782	541	896	83	66	0	128	0	194	0	502	859	1	0	47	718	215	0	169	0	502	442	75	0	0	2	139	339	20	102
merged_16S_2332	44	87	0	143	272	34	14	0	1	0	4	0	91	254	536	89	1	60	0	0	0	0	42	3	0	48	0	37	0	345	0	114	1	4	0	22	0	262	0	428	74	0	0	29	0	0	0	0	0	396	47	14	31	0	7	0	151	48	17
merged_16S_2362	0	25	0	22	0	0	1	41	0	0	0	0	50	0	0	51	0	0	0	101	0	0	0	2	0	0	51	0	0	298	0	95	34	0	0	0	0	0	0	67	0	1	0	0	0	0	0	0	0	186	0	0	0	0	0	0	0	0	0
merged_16S_2424	2	0	0	0	0	0	0	0	0	0	0	0	0	0	0	0	0	0	0	0	0	0	0	0	0	1	0	0	0	0	0	0	0	0	246	0	0	0	654	0	0	0	0	0	0	0	0	0	0	0	0	0	0	0	0	0	0	0	6
merged_16S_2432	0	0	0	0	0	0	0	13	14	0	0	0	707	0	0	0	0	0	0	0	0	0	0	0	0	0	0	192	0	0	0	0	0	25	0	0	0	0	0	0	0	0	0	0	0	74	0	0	0	0	181	38	0	46	0	0	0	0	0
merged_16S_2433	0	1	0	59	0	0	0	12	0	6	0	0	0	2	0	117	0	36	55	0	0	0	0	147	0	21	0	1	0	0	0	580	0	0	1	0	0	238	0	550	0	0	0	408	0	0	23	0	0	0	0	0	0	0	0	28	0	0	75
merged_16S_2452	0	0	0	0	0	647	0	0	0	0	0	0	0	0	0	0	0	0	0	0	0	0	0	0	0	0	0	0	0	0	0	0	0	0	0	0	0	0	0	0	0	0	0	0	0	0	0	0	0	0	0	0	0	0	0	0	0	0	0
merged_16S_2469	29	0	0	0	0	69	0	61	0	0	0	346	0	0	0	11	0	0	0	370	0	0	0	0	0	108	0	31	0	196	0	71	0	0	0	20	0	0	0	0	119	0	0	17	23	8	0	0	0	0	197	2	113	214	127	0	0	0	0
merged_16S_2492	17	0	0	0	0	38	0	0	0	0	60	26	0	22	0	0	0	0	37	0	0	0	49	0	0	815	0	173	0	0	0	0	0	78	0	0	361	0	151	0	58	428	0	28	118	107	0	0	0	0	83	0	0	26	18	0	0	0	0
merged_16S_2541	34	0	0	0	0	0	0	0	0	0	0	1	0	0	0	17	0	110	0	1	0	0	59	0	0	64	0	0	0	0	0	1	0	0	0	0	0	0	0	0	231	0	0	0	0	0	0	0	496	0	165	78	0	1	1	0	0	0	0
merged_16S_2563	0	0	0	30	0	0	0	0	0	0	0	111	0	0	0	17	0	0	0	464	0	0	0	0	0	0	0	0	0	0	0	0	0	0	140	0	0	0	0	0	0	0	0	18	0	0	0	0	0	0	0	0	0	0	0	0	0	1	7
merged_16S_2666	0	85	0	0	0	0	0	24	0	27	0	0	40	58	0	22	1	0	0	0	0	0	0	84	0	20	0	0	0	234	0	0	0	0	0	13	0	126	0	24	0	0	0	6	0	0	0	0	0	0	106	0	0	0	0	0	0	0	0
merged_16S_2701	22	0	0	0	0	11	0	0	0	0	0	0	22	0	13	0	0	14	0	0	0	0	0	0	0	19	0	0	0	184	0	0	0	0	0	9	0	199	0	47	0	0	0	0	0	0	0	0	0	135	36	0	0	0	0	0	0	0	0
merged_16S_2739	0	0	0	113	0	0	0	71	0	87	0	0	0	0	0	0	0	0	0	0	0	0	0	115	0	0	0	0	0	0	0	0	0	0	0	0	0	183	0	0	0	0	0	0	0	0	0	0	0	0	0	0	0	0	0	0	0	0	0
merged_16S_2745	0	0	0	0	0	0	0	0	0	0	0	0	0	0	0	0	0	0	0	0	1	0	0	0	0	1	0	0	0	0	0	327	0	0	1	0	0	0	3	0	0	1	0	0	0	5	71	0	0	0	23	0	0	736	0	0	0	0	0
merged_16S_2769	0	0	0	0	0	0	0	0	0	0	0	0	0	0	0	0	0	0	0	0	0	0	0	0	0	0	0	0	0	0	0	0	0	0	0	0	0	0	0	0	0	0	0	0	0	0	0	0	0	567	0	0	0	0	0	0	0	0	0
merged_16S_2854	124	63	0	20	201	0	26	122	0	0	219	0	0	131	18	98	0	20	0	0	0	0	0	144	0	90	0	244	118	300	146	0	0	79	0	1	0	281	0	123	0	0	0	232	0	1	0	0	0	0	19	0	0	87	51	0	0	1	101
merged_16S_2873	0	0	0	0	0	0	0	0	0	0	0	0	0	0	0	0	0	0	0	0	0	0	0	0	0	0	0	0	0	0	0	0	0	0	0	0	0	0	0	0	0	0	0	0	0	0	0	0	0	0	494	45	0	0	0	0	0	0	0
merged_16S_2885	0	0	1	0	0	82	0	0	0	0	0	0	0	0	0	0	0	0	0	0	0	0	0	0	0	139	0	0	0	0	0	0	0	0	0	468	1	0	0	0	32	0	0	0	0	115	0	0	0	0	0	0	0	0	0	0	0	0	0
merged_16S_2909	0	52	9	64	54	0	31	292	116	38	1	0	314	18	10	118	0	0	0	2	1	0	0	0	0	0	71	0	0	243	0	0	62	40	0	0	0	0	0	0	0	0	0	66	0	0	54	0	0	0	35	86	49	0	23	46	0	0	0
merged_16S_2932	105	0	0	110	114	79	18	29	16	0	34	0	159	17	23	163	0	98	1	0	14	0	0	0	0	42	45	186	144	861	267	0	16	2	0	56	0	201	0	275	142	0	0	67	0	33	0	0	0	0	25	47	29	0	0	0	59	16	0
merged_16S_2953	0	0	0	0	70	0	0	0	0	0	0	0	399	0	0	0	0	0	0	0	0	0	0	0	0	0	0	0	0	0	0	0	0	0	0	0	0	0	0	30	0	0	0	72	0	0	0	0	0	0	0	0	0	234	0	0	0	0	21
merged_16S_2954	0	0	0	0	0	0	215	0	0	145	0	0	0	0	9	29	0	25	0	0	0	0	0	110	0	8	0	0	0	0	0	0	0	0	0	0	0	27	0	36	0	0	0	60	0	0	0	0	0	0	0	0	0	0	0	0	0	0	0
merged_16S_2980	1	0	0	0	1	1	283	0	0	1	2	0	0	58	0	0	1	80	0	2	374	0	0	101	0	61	0	3	0	1	0	0	0	0	0	1	0	28	0	141	1	0	0	0	93	0	0	0	0	0	23	22	0	0	0	0	1	0	0
merged_16S_3014	0	59	74	0	86	0	6	39	0	0	0	0	21	0	0	0	0	0	0	505	0	0	0	0	0	0	0	0	0	0	0	0	0	14	0	0	0	34	0	13	0	0	0	0	0	0	0	0	0	0	0	0	0	0	0	0	0	0	0
merged_16S_3040	0	0	0	0	0	0	0	0	0	84	0	36	0	0	0	0	0	0	0	0	0	0	78	23	0	194	0	206	0	48	0	0	0	0	0	0	0	0	0	0	71	0	0	2	0	0	37	0	0	452	273	0	0	0	153	0	0	0	0
merged_16S_3086	0	0	0	0	0	0	0	0	0	0	0	0	0	0	491	0	0	0	0	499	0	0	0	0	0	0	0	0	0	0	0	0	0	0	0	0	0	0	0	0	0	0	0	0	0	0	0	0	0	0	0	0	0	0	0	0	0	0	0
merged_16S_3115	0	0	0	0	0	0	0	0	0	0	1	21	0	0	0	0	0	0	0	0	0	0	0	0	0	34	0	0	0	0	0	0	0	0	0	0	0	0	0	0	0	0	0	0	160	13	0	0	0	494	22	17	11	0	0	0	0	0	0
merged_16S_3134	0	151	0	295	45	0	0	162	23	15	0	0	41	37	0	2	0	201	0	1	0	104	0	166	0	1	46	0	27	4	0	0	148	0	3	0	0	301	0	125	0	1	0	126	0	0	0	0	0	0	0	0	0	0	0	57	1	127	34
merged_16S_3167	0	0	0	1	124	0	1	0	0	0	0	0	0	0	0	34	0	0	112	0	0	0	0	40	0	0	0	0	0	0	0	0	0	0	0	0	0	0	0	0	0	0	0	318	0	0	0	0	0	0	0	0	0	0	0	0	0	1	0
merged_16S_3175	0	0	0	0	0	0	0	0	0	0	0	0	0	0	0	0	11	0	0	0	0	0	0	0	0	0	0	0	39	0	0	0	0	0	0	0	1	0	22	16	0	0	482	0	0	0	0	139	0	0	0	0	0	0	0	0	0	0	0
merged_16S_3204	0	0	0	0	65	0	0	0	0	0	0	0	475	0	0	0	0	0	0	0	0	0	0	0	0	0	0	0	0	0	0	0	25	0	0	0	0	0	0	130	0	0	0	0	0	0	0	0	0	0	0	0	0	0	0	0	0	0	0
merged_16S_3226	0	0	0	0	0	0	0	0	0	0	0	0	0	0	0	1	0	0	0	471	0	0	0	0	0	0	0	0	0	0	0	0	0	0	0	0	0	0	0	0	0	1	0	0	0	0	0	0	0	0	0	0	0	0	0	0	0	0	0
merged_16S_3250	0	0	0	0	0	60	0	0	0	0	208	0	0	0	0	0	0	0	0	0	0	0	0	0	0	32	0	120	312	0	0	0	0	169	0	0	0	0	0	0	41	0	0	0	0	0	0	0	0	0	0	104	0	0	59	0	0	0	0
merged_16S_3254	436	0	0	0	0	0	0	0	0	0	0	0	0	0	0	0	0	0	0	0	0	0	0	0	0	0	0	0	0	0	0	0	0	0	0	0	0	0	0	0	28	0	0	0	0	0	0	0	0	2	0	0	25	0	0	0	0	0	0
merged_16S_3294	0	821	374	62	0	0	1	8	0	1	0	0	0	0	0	0	0	9	0	0	0	0	0	88	0	0	0	0	0	0	0	0	0	0	0	0	0	59	0	0	0	0	0	0	0	0	0	0	0	0	1	0	0	0	0	0	26	0	0
merged_16S_3302	604	0	0	0	0	0	0	0	0	0	0	0	0	0	0	0	0	0	0	0	0	0	0	0	0	0	0	0	0	0	0	0	0	0	0	0	0	0	0	0	0	0	0	0	0	0	0	0	0	0	0	0	0	0	0	0	0	0	0
merged_16S_3327	0	16	0	0	0	0	0	11	0	0	0	0	19	29	19	76	0	0	0	0	0	0	48	66	0	85	0	58	45	0	0	260	0	48	0	144	0	497	0	22	51	0	0	17	0	81	87	0	0	0	0	0	0	0	0	0	121	0	0
merged_16S_3339	5	286	0	38	75	56	21	0	0	0	34	39	0	11	95	42	26	1	0	0	0	0	0	28	0	192	0	41	0	0	0	1	0	0	0	0	0	2	0	47	10	0	0	0	452	20	40	0	0	0	1	0	0	0	0	24	1	0	46
merged_16S_3359	0	0	0	0	10	0	38	21	0	0	0	0	0	0	0	61	0	10	0	0	0	0	0	0	0	7	0	0	0	138	0	0	0	0	0	0	0	144	0	75	0	0	0	0	0	0	0	0	0	0	0	0	0	0	0	0	0	0	0
merged_16S_3424	0	0	0	0	0	11	0	0	0	0	0	0	317	0	0	0	0	0	0	0	0	0	0	67	0	19	0	28	0	0	0	0	0	0	0	0	0	0	0	0	2	0	0	0	441	1	0	0	0	0	187	96	46	0	0	1	0	0	0
merged_16S_3425	0	0	0	0	18	0	0	0	0	0	0	0	39	0	0	0	0	0	0	0	0	0	0	0	0	0	0	0	0	0	0	0	0	0	0	0	0	0	0	0	0	1	0	0	0	0	0	0	0	439	0	0	0	0	0	0	0	0	22
merged_16S_3432	31	0	0	0	0	168	0	0	0	0	0	0	0	0	0	0	0	0	0	0	0	0	43	0	0	63	0	70	0	0	0	0	0	0	0	63	0	0	0	0	1	0	0	0	0	0	0	0	0	0	52	0	0	0	0	0	0	0	0
merged_16S_3602	0	0	0	0	0	0	0	0	0	0	0	17	0	0	0	0	0	0	1	0	0	1	0	1	2	0	0	0	0	0	0	0	0	0	4	0	1	15	423	0	0	0	0	0	1	0	0	0	0	374	0	0	0	0	0	0	0	0	0
merged_16S_3635	32	0	0	0	0	81	0	0	0	0	0	0	0	0	0	0	13	0	0	0	0	0	0	0	0	250	0	0	0	0	0	0	0	0	0	0	0	0	0	0	0	0	0	0	0	1	0	0	0	0	15	0	0	0	31	0	0	0	0
merged_16S_3637	0	0	0	0	0	0	0	3	0	0	0	0	1	0	0	199	0	0	0	0	0	0	20	50	0	0	66	58	0	57	0	121	0	0	0	0	0	1	0	0	9	0	0	0	0	0	0	0	0	0	0	0	0	0	0	0	206	21	0
merged_16S_3665	0	0	0	0	0	0	0	0	0	0	0	0	0	9	0	0	0	14	0	0	0	0	0	0	0	0	0	44	0	0	0	0	0	0	0	0	202	0	0	0	0	0	0	0	0	0	0	0	0	203	0	0	0	0	0	0	0	0	0
merged_16S_3723	11	0	0	15	5	73	11	0	0	0	0	0	0	0	0	0	0	0	0	0	0	0	0	1	0	60	0	0	0	0	0	0	0	0	0	55	0	56	0	0	25	0	0	0	397	0	0	0	0	0	0	18	0	0	25	0	0	0	0
merged_16S_3750	0	88	0	80	9	0	71	13	0	4	0	0	85	26	0	0	0	12	0	0	0	0	0	57	0	13	0	0	0	0	0	0	0	0	0	0	0	153	0	41	0	0	0	0	0	0	0	0	0	0	33	0	0	0	0	0	76	0	0
merged_16S_3756	0	0	0	0	0	0	0	0	0	0	0	0	0	0	0	0	0	0	0	0	0	0	0	0	0	0	0	0	107	0	0	0	0	0	0	0	0	0	0	0	10	0	0	0	0	0	0	0	0	287	0	0	0	0	0	0	0	0	0
merged_16S_3802	0	0	0	0	65	0	0	0	0	0	172	0	0	0	0	0	0	0	0	0	0	0	0	0	0	0	0	0	0	0	0	0	0	0	0	0	0	0	0	0	0	0	0	0	0	0	0	0	0	0	396	537	49	13	0	0	0	0	0
merged_16S_3881	0	0	0	42	0	0	0	0	55	1	0	0	0	26	0	1	0	0	0	0	0	0	0	81	0	0	0	0	0	0	0	0	0	0	0	0	0	298	0	190	0	0	0	0	0	0	0	366	0	0	0	0	0	0	0	0	0	10	0
merged_16S_3923	0	0	0	0	0	0	0	0	0	0	0	0	0	0	0	0	0	0	0	0	0	0	0	0	0	0	0	0	0	0	0	0	0	0	0	0	0	0	0	0	0	0	0	0	0	0	0	1	0	374	0	0	0	0	0	0	0	0	0
merged_16S_3941	0	0	0	0	0	0	0	0	0	0	0	0	0	0	0	0	0	0	0	0	0	0	0	0	0	0	0	0	0	0	0	0	0	0	374	0	0	0	0	0	0	0	0	0	0	0	0	0	0	0	0	0	0	0	0	0	0	0	0
merged_16S_3950	0	4	0	24	12	0	0	1	0	30	0	1	0	0	0	0	0	14	0	0	0	0	0	0	0	0	0	0	0	0	0	0	0	0	0	0	0	91	0	2	0	0	0	33	272	0	0	0	96	0	0	0	0	0	0	0	0	0	16
merged_16S_3954	0	0	0	0	0	36	0	0	0	0	0	0	0	0	0	0	0	0	0	0	0	0	0	0	0	0	0	0	0	0	0	0	0	0	0	0	0	0	0	0	35	0	0	0	264	0	34	0	0	0	175	155	63	405	0	0	0	0	0
merged_16S_4061	0	0	0	0	0	0	0	0	0	0	0	0	0	0	0	0	0	0	0	0	0	0	0	0	0	0	0	0	0	359	0	0	0	0	0	0	0	0	0	0	0	0	0	0	0	0	0	0	0	0	0	0	0	0	0	0	0	0	0
merged_16S_4065	67	13	0	65	21	45	41	17	23	11	0	0	17	93	6	254	0	97	54	0	0	115	6	250	0	2	0	0	176	0	0	184	10	0	86	0	0	486	0	573	28	358	0	71	0	6	0	0	0	0	24	0	0	0	21	8	69	10	9
merged_16S_4078	0	0	0	1	0	49	0	0	0	0	0	100	0	0	0	0	0	0	0	1	0	0	0	0	0	83	0	1	0	0	0	0	0	143	0	0	0	0	0	0	247	0	0	26	0	215	0	0	0	294	0	0	0	0	1	0	0	0	0
merged_16S_4130	89	0	0	0	0	0	0	0	0	0	261	0	0	0	0	0	0	0	0	0	0	0	0	0	0	0	0	171	0	0	0	0	0	0	0	0	0	0	0	0	0	0	0	0	0	0	0	0	0	0	0	0	0	0	0	0	0	0	0
merged_16S_4190	0	0	0	0	0	0	0	0	0	0	0	0	0	0	0	0	0	0	0	0	0	0	0	0	0	0	0	0	0	0	0	0	0	0	0	0	0	15	0	345	0	0	0	0	0	0	0	0	0	261	0	0	0	0	0	4	0	0	0
merged_16S_4222	0	0	0	0	0	0	0	3	0	0	0	0	0	0	0	0	0	0	0	0	0	42	0	0	0	0	0	0	0	0	0	0	0	0	0	0	0	0	0	0	0	0	0	0	0	0	0	0	0	300	0	0	0	0	0	0	0	0	0
merged_16S_4247	0	0	0	0	0	0	0	0	0	0	0	0	0	0	0	324	0	15	0	0	0	0	0	0	0	0	0	0	0	0	0	0	0	0	0	0	0	0	0	0	0	0	0	0	0	0	0	0	0	0	0	0	0	52	0	0	0	0	0
merged_16S_4249	0	0	0	0	27	0	0	1	0	0	0	0	0	0	2	0	0	0	0	0	0	0	0	0	0	0	0	0	0	0	1	0	0	0	339	1	0	1	0	34	0	0	0	0	1	0	0	0	0	0	0	0	0	25	110	0	0	0	0
merged_16S_4322	0	0	0	0	0	0	0	0	0	0	0	0	0	0	0	0	0	0	0	0	0	0	0	0	0	0	0	0	1	0	5	0	0	24	0	0	0	0	331	0	132	0	0	0	0	0	0	0	0	0	0	0	0	0	0	0	0	0	0
merged_16S_4370	4	0	0	32	98	0	0	0	12	0	15	0	104	20	0	0	0	87	0	219	0	0	0	0	0	0	0	0	0	135	39	313	0	12	0	0	0	63	0	103	0	0	0	0	0	23	0	0	0	0	0	0	2	0	3	11	27	0	3
merged_16S_4381	0	0	0	0	0	0	0	0	0	0	0	0	0	0	0	0	0	0	0	0	0	0	0	0	0	0	0	0	0	0	0	0	0	0	0	0	0	0	0	0	0	0	0	0	0	0	0	0	0	630	0	0	0	0	0	0	0	0	0
merged_16S_4425	0	0	0	0	0	0	0	0	0	0	0	0	0	0	0	0	0	0	0	0	0	0	0	1	0	0	0	0	0	0	0	0	0	0	0	0	0	0	0	1	0	0	0	0	0	0	80	0	0	0	0	1	0	239	0	1	0	0	0
merged_16S_4457	39	1	0	7	8	11	0	0	0	0	0	21	0	0	9	0	29	0	0	0	0	0	0	0	0	25	0	2	0	0	0	318	0	0	1	0	0	0	0	0	0	0	0	0	0	1	0	0	0	0	3	0	0	45	0	0	0	0	0
merged_16S_4542	1	0	0	0	0	3	0	0	0	0	0	0	3	0	0	6	0	0	0	0	0	0	0	0	0	44	0	0	0	0	0	0	0	16	0	0	0	0	0	16	0	0	0	0	56	0	0	0	0	1	0	0	0	0	0	1	263	0	60
merged_16S_4568	0	0	0	0	0	0	0	0	0	0	0	0	0	0	0	0	0	0	0	0	0	306	0	0	0	0	0	0	0	0	0	0	0	0	0	0	0	0	0	0	0	0	0	0	0	0	0	0	0	0	0	0	0	0	0	0	0	0	0
merged_16S_4610	0	0	0	0	15	0	0	0	0	0	0	25	1	0	15	0	0	0	0	0	0	0	0	0	0	0	0	0	0	0	0	0	0	0	0	0	0	0	0	0	0	0	0	0	0	0	0	0	0	303	0	0	1	0	0	0	0	6	0
merged_16S_4631	36	0	0	0	13	78	0	0	21	0	0	70	54	0	0	0	44	0	0	0	0	0	0	0	0	25	0	0	0	0	0	0	0	0	0	43	0	45	0	300	55	0	0	0	0	32	0	0	0	0	0	12	15	256	64	25	13	0	14
merged_16S_4645	0	0	0	0	0	57	0	16	0	0	0	4	0	0	0	0	0	0	0	0	0	0	0	0	0	65	0	31	0	0	0	0	0	0	0	19	0	0	0	0	58	1	0	0	300	35	38	0	0	0	128	44	55	54	0	0	0	0	0
merged_16S_4652	0	415	134	40	39	0	0	7	1	0	0	0	102	0	31	0	0	7	0	0	0	0	0	78	0	0	0	0	1	207	0	44	1	0	0	0	0	0	0	195	0	0	0	46	0	0	0	0	0	0	0	0	0	0	0	12	49	35	8
merged_16S_4663	0	0	0	0	0	0	0	0	0	0	0	0	0	0	0	0	0	0	0	0	0	0	0	0	0	0	0	0	0	298	0	0	0	0	0	0	0	0	0	0	0	0	0	0	0	0	0	0	0	0	0	0	0	0	0	0	0	0	0
merged_16S_4681	0	0	0	47	23	0	0	1	0	0	0	0	0	0	0	65	0	0	0	0	0	0	0	40	0	24	0	0	0	0	0	0	0	0	0	0	0	142	0	0	0	0	0	0	0	0	0	0	0	0	0	0	0	0	0	0	0	13	0
merged_16S_4720	0	179	114	0	0	0	0	0	0	0	0	0	1	0	0	81	0	1	26	0	0	0	0	0	0	0	0	0	0	0	0	0	0	0	0	0	0	0	0	0	19	0	0	0	82	0	0	0	0	0	0	0	0	0	0	0	0	0	0
merged_16S_4778	0	20	0	64	9	0	0	0	23	9	0	0	58	0	19	65	0	137	0	1	0	0	0	0	0	26	0	0	0	0	0	288	0	11	0	0	0	27	0	0	0	0	0	24	0	0	34	0	0	0	0	0	0	0	0	0	22	13	0
merged_16S_4798	0	0	0	0	0	0	0	0	0	0	0	0	0	0	0	0	0	0	0	228	0	0	0	0	0	0	0	0	0	0	0	0	0	0	58	0	0	0	0	0	0	0	0	0	0	0	0	0	0	0	0	0	0	0	0	0	0	0	0
merged_16S_4819	0	0	0	0	0	137	0	0	0	0	0	0	0	0	0	0	0	0	0	0	0	0	0	0	0	0	0	0	0	0	0	0	0	0	0	33	0	0	0	0	39	0	0	0	0	62	0	0	0	0	147	0	0	0	0	0	0	0	0
merged_16S_4836	0	1	0	1	0	0	0	0	0	0	1	0	0	0	0	67	37	19	0	0	0	0	0	47	0	0	0	1	0	0	0	47	0	0	1	0	0	69	0	37	0	0	0	0	0	0	1	0	0	0	0	0	0	0	131	0	0	0	0
merged_16S_4891	1	41	0	76	0	84	17	0	0	0	0	63	9	38	0	0	46	16	0	0	0	0	107	171	0	42	0	0	0	0	0	0	26	0	0	1	0	0	0	0	34	0	0	0	0	52	30	0	0	0	2	0	0	0	43	13	0	39	0
merged_16S_4940	0	0	0	0	0	59	0	0	0	0	0	0	0	0	0	0	0	0	0	0	0	0	0	0	0	0	0	0	0	0	0	0	0	0	0	0	0	0	0	0	0	0	0	0	0	0	30	0	0	0	0	0	0	503	17	0	0	0	0
merged_16S_4954	12	0	0	0	0	222	0	0	0	0	19	205	1	0	0	0	214	0	0	0	0	0	62	0	0	307	0	50	0	0	0	0	0	0	0	39	0	0	0	0	91	0	0	0	0	19	0	0	0	0	26	0	49	86	31	0	0	0	0
merged_16S_5066	0	0	0	0	0	30	0	0	0	1	0	0	0	0	0	0	0	0	1	0	0	0	0	0	0	0	1	67	0	0	0	0	0	0	0	0	0	0	0	0	0	0	0	0	0	13	21	0	0	0	0	0	0	246	0	0	0	10	0
merged_16S_5145	0	0	0	0	0	0	0	0	0	0	0	0	0	0	0	0	0	0	0	0	0	0	0	0	0	0	0	0	0	0	0	0	0	0	0	0	0	0	0	0	0	0	0	0	0	0	0	0	0	0	0	0	0	260	0	0	0	0	0
merged_16S_5272	0	0	0	443	69	0	0	0	0	8	0	1	0	0	0	0	0	0	0	0	0	0	0	0	0	9	0	0	0	0	0	0	53	0	0	0	0	0	0	76	0	0	0	10	0	0	0	0	0	0	0	0	0	0	0	0	0	0	0
merged_16S_5289	25	0	0	0	0	5	0	0	0	0	4	0	0	0	0	0	18	109	0	0	0	0	73	0	0	20	0	0	0	0	0	0	0	0	0	102	0	0	0	42	192	0	0	0	0	0	19	0	0	0	0	11	0	0	0	0	0	0	0
merged_16S_5292	0	0	0	0	0	0	0	0	0	0	0	0	437	0	0	1	0	0	0	0	0	0	0	0	0	0	0	0	0	0	0	0	29	0	0	0	0	1	0	0	0	0	0	0	0	0	0	1	0	1	93	0	0	0	0	76	0	0	0
merged_16S_5304	1	0	0	0	0	71	0	0	0	0	0	0	0	0	0	0	45	0	0	0	0	0	0	0	0	180	0	0	0	0	0	0	0	0	0	0	0	0	0	0	0	0	0	0	0	0	0	0	0	0	57	128	0	34	0	0	0	0	0
merged_16S_5333	0	0	0	0	0	0	1	0	0	0	0	0	0	0	0	0	0	0	0	0	0	0	0	0	0	0	0	0	0	0	0	0	0	0	0	0	0	0	0	1	0	0	0	0	0	0	0	0	0	235	14	0	0	0	0	0	0	0	0
merged_16S_5340	0	0	0	0	0	0	71	1	0	3	0	0	2	1	0	3	0	2	1	7	249	0	0	1	0	1	0	0	0	0	2	3	0	0	0	0	0	61	0	132	0	0	0	110	3	0	0	0	0	0	0	0	0	0	0	0	0	0	0
merged_16S_5408	0	0	0	0	0	0	0	0	0	0	0	0	0	0	0	0	0	0	0	0	0	0	0	0	0	0	0	67	0	0	0	0	0	1	0	0	0	0	0	0	0	0	0	0	0	0	0	0	0	0	202	72	62	0	1	0	0	0	0
merged_16S_5428	2	0	0	0	0	0	40	145	0	0	0	0	0	0	0	0	0	0	0	0	0	0	0	0	0	0	0	0	0	0	0	0	0	153	0	0	0	0	0	0	0	0	0	0	0	0	0	0	0	0	0	0	0	0	0	0	0	0	0
merged_16S_5430	3	0	0	0	0	17	0	0	0	0	0	487	0	0	0	0	38	0	0	0	0	0	0	0	0	30	0	0	0	0	0	0	0	0	0	0	0	0	0	0	23	0	0	0	0	94	0	175	0	0	9	0	0	140	0	0	0	0	0
merged_16S_5509	0	0	0	0	60	0	0	0	0	9	0	0	0	0	0	31	0	0	0	0	0	0	0	110	0	0	0	0	0	72	0	0	0	0	0	0	0	0	0	0	0	0	0	126	0	0	0	0	0	0	0	0	0	0	0	0	8	0	0
merged_16S_5588	0	5	0	44	0	0	0	0	0	0	0	0	0	0	0	0	0	0	0	0	0	0	0	0	0	0	0	0	0	0	0	0	7	0	0	0	0	248	0	35	0	0	0	0	0	0	0	0	0	0	0	0	0	0	0	0	118	9	0
merged_16S_5626	16	6	0	43	0	1	25	99	0	0	30	39	72	20	18	146	0	39	0	181	0	0	0	19	0	10	57	44	0	242	0	83	11	23	0	0	0	90	0	266	0	0	0	5	0	0	37	0	0	0	31	0	17	0	0	0	0	0	48
merged_16S_5714	278	0	0	0	0	0	0	0	0	0	0	0	0	0	0	0	0	0	0	0	0	0	0	0	0	0	0	0	0	0	0	0	0	0	0	0	0	0	0	0	0	0	0	0	0	0	0	0	0	0	0	0	0	0	0	0	0	0	0
merged_16S_5724	3	0	0	0	27	2	12	16	0	0	2	43	0	0	17	0	0	0	0	0	0	224	0	0	0	16	0	1	0	0	0	0	0	0	14	20	0	66	0	16	140	0	0	0	0	23	0	0	0	0	0	1	1	163	13	0	1	0	0
merged_16S_5736	0	0	0	0	0	0	0	0	0	0	0	0	0	0	0	0	0	0	0	0	0	0	0	0	0	0	0	0	0	1	0	0	0	0	0	0	1	103	0	0	0	0	0	0	0	0	0	0	225	0	0	0	0	0	0	0	0	0	0
merged_16S_5764	14	247	0	0	0	0	40	25	1	0	0	0	97	57	0	24	0	0	0	0	0	0	0	19	0	0	0	82	0	1	0	0	0	63	0	0	0	0	0	0	0	0	0	109	0	0	0	0	0	0	132	18	0	52	1	1	41	0	0
merged_16S_5809	13	0	0	167	38	18	0	47	20	10	15	0	46	0	0	30	22	18	0	0	0	0	0	0	0	0	0	0	0	0	0	188	42	0	0	18	0	28	0	65	0	0	0	1	0	0	0	0	0	0	0	8	0	0	200	27	4	0	25
merged_16S_5824	0	0	0	0	0	169	0	0	0	0	0	0	0	0	0	0	0	0	0	0	0	0	0	0	0	149	0	0	0	0	0	0	0	0	0	0	0	0	0	0	208	0	0	0	0	0	88	0	0	0	0	0	0	168	22	0	0	0	0
merged_16S_5835	0	0	0	0	0	0	10	1	0	113	0	0	0	18	0	1	0	20	14	0	0	0	0	0	0	0	0	0	94	0	1	0	0	0	0	0	0	0	0	111	0	0	0	0	1	0	67	0	0	0	0	0	0	253	0	0	0	0	0
merged_16S_5852	0	0	0	0	0	0	0	0	0	0	0	1	0	0	0	0	0	0	0	1	0	0	0	0	0	217	0	0	0	0	0	0	0	0	0	0	0	61	0	0	0	0	0	0	0	0	0	0	0	0	0	1	0	1	0	0	0	0	0
merged_16S_5869	0	0	0	0	0	0	0	0	0	0	0	0	0	0	0	0	0	0	0	0	0	0	0	0	0	37	0	0	0	0	0	0	0	0	0	65	0	0	0	0	17	0	0	0	0	137	0	0	0	0	0	0	0	114	0	0	0	0	0
merged_16S_5891	0	28	0	0	0	0	0	0	0	0	0	0	0	0	0	0	0	0	0	0	0	0	0	0	0	0	0	0	0	0	0	0	0	0	0	0	0	215	0	0	0	0	0	0	0	0	0	0	0	0	0	0	0	0	0	0	0	0	0
merged_16S_5894	0	0	0	0	0	0	0	0	0	0	0	0	0	0	0	0	0	0	0	0	0	0	0	0	0	1	0	0	0	0	0	0	0	0	0	0	0	0	0	0	0	0	0	0	0	0	0	0	0	217	0	0	0	0	0	0	0	0	0
merged_16S_6090	0	0	0	0	0	43	0	0	0	0	0	0	0	0	0	0	0	0	0	0	0	0	0	0	0	161	0	0	0	0	0	0	0	0	0	0	0	0	0	0	0	0	0	0	0	0	0	0	0	0	0	0	0	0	0	0	0	0	0
merged_16S_6103	0	0	0	0	0	1	0	0	0	0	0	0	0	0	0	0	0	1	0	0	0	0	0	0	0	0	0	0	0	0	0	0	0	0	0	0	0	1	0	0	0	0	0	0	0	55	0	0	0	0	0	0	0	212	0	0	0	0	0
merged_16S_6119	0	0	0	0	0	27	0	26	0	0	0	0	0	0	0	0	0	0	0	0	0	0	0	0	0	7	0	41	0	0	0	0	0	0	0	0	0	55	0	0	37	0	0	0	0	0	0	0	0	0	38	0	59	203	28	0	0	0	0
merged_16S_6164	0	0	0	0	0	0	0	0	0	0	0	0	0	0	0	0	0	0	0	0	0	0	0	0	0	0	0	0	0	0	0	0	0	0	0	0	0	0	0	0	0	0	0	0	0	0	0	0	0	201	0	0	0	0	0	0	0	0	0
merged_16S_6173	0	0	0	0	0	0	0	0	0	0	0	0	50	101	0	0	0	0	0	0	0	0	0	0	0	9	0	0	0	0	0	0	0	0	0	0	0	0	0	51	0	0	0	0	1	0	0	0	0	0	0	0	0	0	0	0	14	0	0
merged_16S_6255	133	0	0	0	0	0	0	0	0	0	0	0	0	0	0	0	0	0	0	0	0	0	0	0	0	0	0	0	0	0	0	0	0	0	0	0	0	0	0	0	62	0	0	0	0	0	0	0	0	0	61	43	0	1	0	0	0	0	0
merged_16S_6268	0	0	0	0	0	0	0	0	0	0	0	0	195	0	0	0	0	0	0	0	0	0	0	0	0	0	0	17	0	0	0	0	0	0	0	0	0	0	0	0	19	0	0	0	0	0	0	0	0	0	5	0	0	0	0	0	0	0	0
merged_16S_6319	182	0	0	0	0	0	1	11	1	0	3	0	0	0	0	0	0	0	0	1	1	0	0	0	0	33	0	0	0	0	0	0	0	0	0	56	0	0	0	0	0	0	0	1	0	18	35	0	0	0	0	11	0	30	8	0	0	0	0
merged_16S_6383	0	0	0	15	25	0	0	0	0	0	0	0	1	51	0	1	0	2	66	0	0	0	0	1	0	0	0	1	0	0	0	0	0	0	0	0	0	75	0	120	0	0	0	36	0	0	38	0	0	0	0	0	0	0	0	0	0	1	0
merged_16S_6405	0	0	0	0	0	0	0	0	0	0	0	0	0	23	0	0	0	0	0	189	0	0	0	0	0	0	0	0	0	0	0	0	21	0	0	0	0	0	0	0	0	0	0	0	0	0	0	0	0	89	0	0	0	0	0	0	0	0	0
merged_16S_6433	0	0	0	0	0	0	0	0	0	0	0	0	0	0	0	0	0	0	0	0	0	0	0	0	0	0	0	0	0	0	0	0	0	0	0	0	0	0	0	0	0	188	0	0	0	0	0	0	0	0	38	17	18	23	0	0	0	0	0
merged_16S_6459	0	0	0	0	0	5	0	0	0	0	0	0	0	0	0	0	0	0	0	0	0	0	0	0	0	0	0	0	0	0	0	0	0	0	0	0	0	0	0	0	0	0	0	0	0	0	0	0	0	188	0	0	0	0	0	0	0	0	0
merged_16S_6488	0	30	0	0	0	0	0	0	0	0	0	0	1	0	0	26	0	0	0	0	0	0	0	0	0	0	0	0	0	0	0	99	0	0	0	0	0	0	0	27	0	0	0	0	0	0	0	0	0	0	0	0	0	0	0	0	0	30	0
merged_16S_6520	14	24	0	0	6	0	0	0	0	9	0	0	94	13	0	0	0	60	0	0	0	0	18	0	0	16	0	0	0	1	0	266	0	0	0	7	0	104	0	86	37	0	0	8	0	0	0	0	0	0	0	0	0	0	0	41	31	0	0
merged_16S_6559	4	0	0	0	0	5	0	4	0	0	2	5	0	0	0	0	8	0	0	0	0	0	2	0	0	12	0	1	1	0	0	0	0	2	0	3	0	0	0	65	35	0	0	0	0	0	142	0	1	0	2	62	29	106	1	0	0	0	0
merged_16S_6621	0	0	0	240	6	0	0	0	0	0	0	0	0	48	0	18	0	0	0	0	0	0	0	46	0	0	0	0	0	0	0	0	56	0	0	0	0	0	0	0	0	0	0	0	0	0	0	0	0	0	0	0	0	0	0	0	0	0	0
merged_16S_6649	0	0	0	0	9	0	27	0	0	0	0	0	123	10	0	0	0	0	0	0	0	0	0	151	0	0	0	0	0	0	0	0	0	0	0	0	0	65	0	44	0	0	0	0	0	0	0	0	0	0	0	0	0	0	0	0	14	0	0
merged_16S_6696	0	0	0	0	0	49	34	0	0	0	136	0	0	0	0	0	0	0	0	0	0	0	0	0	0	53	0	99	0	0	0	0	0	16	0	26	0	79	0	109	67	0	0	0	0	12	0	0	0	0	180	14	19	25	51	0	0	0	13
merged_16S_6740	0	34	0	36	0	0	0	0	0	6	0	0	0	0	0	0	0	14	0	0	0	0	0	0	0	23	0	0	0	0	0	0	0	0	0	0	0	104	0	129	0	0	0	24	0	0	0	0	0	0	0	0	0	0	0	0	0	0	19
merged_16S_6749	0	0	0	0	0	0	0	0	0	0	0	0	0	0	13	0	0	0	0	0	0	0	0	0	0	0	0	3	0	174	0	0	0	0	0	0	0	0	0	0	0	0	0	46	0	0	0	0	0	0	0	0	0	0	0	0	0	0	0
merged_16S_6794	173	0	0	0	0	0	0	0	0	0	0	0	0	0	0	0	0	0	0	0	67	0	0	0	0	1	0	0	0	0	0	0	0	0	0	0	0	0	0	0	1	0	0	0	0	0	0	0	0	0	0	1	0	0	0	0	0	0	0
merged_16S_6822	0	0	0	0	0	70	0	0	0	0	0	0	0	0	0	0	0	0	0	0	0	0	0	0	0	0	0	0	0	0	0	0	0	0	0	0	0	0	0	0	0	0	0	0	0	0	0	0	0	0	30	0	22	49	0	0	0	0	0
merged_16S_6859	0	0	0	0	0	102	2	0	0	0	0	0	0	0	0	0	0	0	0	0	0	0	11	0	0	61	0	107	0	0	0	0	0	18	0	30	0	0	0	0	20	0	0	0	0	14	0	0	0	0	110	14	27	19	0	0	0	0	0
merged_16S_6868	0	0	0	0	0	28	0	0	0	0	0	0	0	0	0	0	0	0	0	0	0	0	0	0	0	21	0	0	0	0	0	0	0	0	0	23	0	0	0	0	0	0	0	0	172	0	0	0	0	0	130	0	0	17	7	0	0	0	0
merged_16S_6906	0	0	0	0	0	0	0	0	0	0	0	0	0	0	0	0	23	0	0	0	0	0	0	0	0	145	0	0	0	0	0	0	0	0	0	0	0	0	0	0	0	0	0	0	0	0	0	0	0	0	39	1	27	89	0	0	0	0	0
merged_16S_6922	0	0	0	0	41	0	0	0	0	0	0	1	14	0	0	0	0	1	0	0	0	0	0	0	0	0	0	0	0	0	0	0	27	0	0	0	0	1	1	1	0	0	0	85	0	0	0	0	0	0	133	0	0	0	0	0	0	11	0
merged_16S_6934	25	0	0	20	0	23	0	12	0	0	0	66	20	13	61	0	24	0	0	0	0	0	103	0	0	24	0	23	0	187	0	0	7	12	0	0	0	0	0	0	0	0	0	0	0	6	0	0	0	0	57	0	6	30	13	0	4	0	0
merged_16S_7033	0	0	0	8	0	0	0	38	0	0	9	11	1	25	0	0	0	112	0	0	0	0	0	0	0	0	0	26	0	0	0	0	0	0	0	0	0	27	0	0	21	0	0	0	0	0	51	0	0	0	0	0	0	27	0	0	0	0	0
merged_16S_7136	0	0	0	0	0	0	0	0	0	0	9	0	30	0	0	0	0	0	0	0	0	0	0	0	0	0	0	0	0	0	0	0	0	0	0	0	0	0	0	156	0	0	0	0	0	0	0	0	0	0	0	0	0	0	0	0	0	0	0
merged_16S_7229	22	12	0	0	0	0	0	10	0	0	19	0	7	1	0	0	0	0	0	10	0	0	0	0	0	20	0	0	0	0	0	0	7	0	159	0	0	0	0	6	18	0	0	0	0	0	0	0	0	0	0	0	0	0	0	0	0	0	0
merged_16S_7246	0	0	0	1	0	0	0	0	0	0	0	0	155	0	0	0	0	0	0	0	0	0	0	0	0	0	0	0	0	0	0	0	0	0	0	0	0	1	0	0	0	0	0	1	0	0	0	0	0	0	0	0	0	0	0	0	0	0	0
merged_16S_7284	0	0	0	0	0	0	0	0	0	0	0	109	0	0	0	0	0	0	0	0	0	0	0	1	0	1	0	0	0	142	0	0	0	0	0	0	0	0	0	0	47	0	0	0	1	0	0	0	0	0	0	0	0	0	0	0	0	0	0
merged_16S_7359	0	0	0	0	0	0	0	0	0	0	0	0	0	4	0	0	0	0	0	0	0	0	0	0	0	0	0	0	0	0	0	91	0	0	0	0	162	0	0	0	0	0	0	0	0	0	0	0	0	64	0	0	0	3	0	0	0	0	0
merged_16S_7383	0	0	0	1	0	0	0	0	0	0	0	0	0	0	0	0	0	0	0	0	0	0	0	0	0	0	0	0	0	151	1	0	0	0	0	0	0	0	0	0	0	0	0	0	0	0	0	0	0	0	0	0	0	0	0	0	1	0	0
merged_16S_7393	0	1	0	60	0	0	0	27	0	0	0	0	12	0	0	41	0	57	1	0	0	0	0	62	0	0	0	0	0	0	0	0	0	0	0	0	0	0	0	0	0	0	0	97	0	0	0	0	0	0	0	0	0	0	0	15	0	0	0
merged_16S_7471	0	0	0	0	0	0	0	0	0	0	0	0	0	0	0	0	0	0	0	0	0	0	0	0	0	0	0	0	0	0	0	0	0	0	0	0	0	0	0	0	0	0	0	0	0	0	0	0	0	225	0	0	0	0	0	0	0	0	0
merged_16S_7668	27	0	0	0	0	0	0	0	0	0	0	0	12	0	0	0	0	0	0	0	0	0	20	0	0	0	0	0	0	0	0	0	0	0	0	0	0	0	0	0	0	0	0	0	0	0	0	0	0	0	0	0	0	0	94	0	0	0	0
merged_16S_7819	0	0	0	0	0	0	0	0	0	0	0	0	0	0	0	0	0	0	0	0	0	0	0	0	0	0	0	0	0	0	0	0	0	0	0	0	0	0	0	0	0	0	0	0	138	0	0	0	0	0	0	0	0	0	0	0	0	0	0
merged_16S_7853	0	0	0	0	1	0	0	2	1	0	0	0	31	0	116	28	0	1	45	0	1	0	0	73	0	0	0	0	0	1	0	137	0	0	1	0	0	13	0	1	0	1	0	0	1	0	0	0	0	0	0	0	0	0	0	37	0	20	3
merged_16S_7862	0	0	0	0	0	0	0	0	0	0	0	0	0	0	0	0	0	0	0	0	0	0	0	0	0	0	0	0	0	0	0	0	0	0	0	0	0	0	0	0	0	0	0	0	0	0	0	0	0	0	25	0	19	137	0	0	0	0	0
merged_16S_7939	0	15	0	0	0	21	0	0	0	0	0	0	0	0	0	0	0	0	0	0	0	0	0	0	0	62	0	0	1	0	0	0	0	0	0	18	0	0	0	0	0	0	0	0	0	83	0	0	0	0	0	0	0	0	0	0	0	17	0
merged_16S_7993	0	0	0	0	0	0	0	0	0	0	0	0	0	0	0	0	0	0	0	0	0	0	0	0	0	0	0	0	48	0	0	0	0	0	0	0	0	0	0	0	0	0	0	0	84	0	0	0	0	0	0	0	0	0	0	0	0	0	0
merged_16S_8103	0	3	0	36	0	0	0	0	0	0	0	1	1	1	0	0	2	0	0	0	0	0	1	0	0	0	0	0	0	1	0	1	0	0	0	0	0	76	0	1	0	0	0	0	0	0	0	0	0	0	0	0	0	0	0	0	0	18	0
merged_16S_8137	0	0	0	0	0	0	0	0	0	0	0	0	0	0	0	0	0	0	0	0	0	0	0	0	0	0	0	0	0	0	0	0	0	0	0	0	0	0	0	0	0	0	0	0	0	0	0	0	0	0	0	0	0	329	0	0	0	0	0
merged_16S_8413	18	0	0	1	0	0	0	0	0	1	0	72	0	0	0	0	0	0	0	0	0	0	0	0	0	0	0	0	0	0	0	0	0	0	0	0	0	0	0	0	0	0	0	0	0	0	0	0	0	0	0	0	0	31	0	0	0	0	0
merged_16S_8427	0	0	0	0	0	1	0	0	0	0	0	120	0	0	0	0	0	0	0	0	0	0	0	1	0	0	0	0	0	0	0	0	0	0	0	0	0	0	0	0	0	0	0	0	0	0	0	0	0	0	1	0	0	17	0	0	0	0	0
merged_16S_8510	0	0	0	0	0	0	0	0	0	0	0	0	0	0	0	0	0	0	0	4	0	0	0	0	0	0	0	0	0	0	0	0	0	0	0	0	0	1	0	120	0	0	0	0	0	0	0	0	0	0	0	0	0	0	0	0	0	0	0
merged_16S_8624	0	0	0	0	0	0	0	0	0	0	0	0	0	0	115	0	0	0	0	27	0	0	0	0	0	0	6	0	0	0	0	0	0	0	0	0	0	0	0	0	0	0	0	0	0	0	0	0	0	0	0	0	0	0	0	0	0	0	0
merged_16S_8648	0	0	0	0	0	0	0	19	0	0	0	0	0	0	0	59	0	0	0	0	0	0	0	0	0	0	0	0	0	0	0	0	0	0	0	0	0	0	0	0	0	0	0	36	0	0	0	0	0	0	0	0	0	0	0	0	0	0	0
merged_16S_8679	81	0	0	0	0	18	0	0	0	0	8	0	0	0	0	0	0	0	0	0	0	0	39	0	0	21	0	17	1	0	0	12	0	0	0	9	0	0	0	0	60	0	0	0	114	17	0	0	0	0	12	0	1	0	22	0	0	0	0
merged_16S_8699	0	17	0	45	2	0	0	18	0	0	0	0	0	0	0	0	0	51	0	0	0	0	0	0	0	0	25	1	0	0	0	1	51	1	0	0	0	0	0	77	32	0	0	0	1	30	1	0	0	0	0	0	0	0	0	0	9	0	3
merged_16S_8874	0	15	0	0	31	0	49	25	0	28	0	0	54	27	1	0	0	13	0	0	0	0	0	0	0	17	19	14	0	0	0	0	0	0	111	0	0	1	0	0	21	0	0	0	0	0	0	0	0	0	0	0	0	0	1	5	7	0	0
merged_16S_8904	0	0	0	0	0	31	0	0	0	0	0	100	0	0	0	0	0	0	0	0	0	0	0	0	0	25	0	4	0	0	0	0	0	0	0	0	0	0	0	0	0	0	0	0	0	0	0	0	0	0	0	0	0	244	0	0	0	0	0
merged_16S_8978	1	0	0	0	0	0	0	0	0	0	0	0	0	0	0	0	0	0	0	0	0	0	0	0	0	0	0	0	0	0	0	0	0	0	0	0	0	39	0	0	0	0	0	0	0	0	0	0	0	0	0	0	0	134	0	0	0	0	0
merged_16S_8989	0	14	0	40	0	0	0	0	0	0	0	0	0	15	37	23	0	20	55	0	0	0	0	0	0	0	0	0	0	0	0	0	40	0	0	0	0	1	0	0	0	0	0	0	0	0	0	0	0	0	0	0	0	0	0	0	1	0	0
merged_16S_9028	0	0	0	0	0	106	0	0	0	0	0	0	0	0	0	0	0	0	0	0	0	0	0	0	0	115	0	0	0	0	0	0	0	0	0	0	0	0	0	0	0	0	0	0	0	0	0	0	0	0	0	0	0	0	0	0	0	0	0
merged_16S_9086	0	0	0	0	0	5	0	0	0	2	0	0	0	0	0	24	0	0	0	0	0	0	0	0	104	0	0	0	0	0	0	35	0	0	0	0	7	0	0	0	3	0	0	0	0	0	0	0	0	21	0	0	0	0	0	0	0	0	0
merged_16S_9191	0	0	0	0	0	0	0	0	0	0	0	0	0	0	0	0	0	0	0	0	0	0	0	83	0	0	0	0	0	0	0	0	0	0	0	0	0	0	0	0	0	102	0	0	0	0	0	0	0	0	0	0	0	0	0	0	0	0	0
merged_16S_9248	0	0	0	0	0	0	0	0	0	0	0	0	0	0	0	0	0	0	0	1	0	0	0	0	0	0	0	0	0	0	0	1	0	0	0	0	0	94	0	0	0	0	0	0	0	0	0	0	0	0	103	0	0	0	0	0	0	0	0
merged_16S_9271	0	0	0	0	0	0	0	0	0	0	0	0	0	0	0	57	0	0	0	0	0	0	0	0	0	43	0	0	0	0	0	0	0	0	0	0	0	0	0	0	0	0	0	0	0	0	0	0	0	0	0	0	0	0	12	0	0	0	0
merged_16S_9290	0	0	0	0	0	0	0	0	0	0	0	0	0	0	0	0	0	0	0	0	0	0	0	0	0	0	0	0	0	100	0	0	0	0	0	0	0	0	0	0	0	0	0	0	0	0	0	0	0	0	0	0	0	0	0	0	0	0	0
merged_16S_9291	0	0	0	0	0	0	0	0	0	0	0	0	0	0	1	0	0	0	0	1	0	0	0	0	0	0	0	0	0	0	0	100	0	0	0	0	0	0	135	0	0	0	0	0	0	0	0	0	7	0	0	0	0	0	0	0	0	0	0
merged_16S_9358	0	0	0	0	0	0	0	0	0	0	0	0	0	0	0	0	0	0	0	0	0	0	0	0	0	0	0	0	0	0	0	0	0	0	0	0	0	0	0	0	0	0	0	0	0	0	0	0	0	0	0	0	0	99	0	0	0	0	0
merged_16S_9430	0	0	0	0	0	0	0	0	0	0	97	0	0	0	0	0	0	0	0	0	0	0	0	0	0	0	0	0	0	0	0	0	0	0	0	0	0	0	0	0	0	0	0	0	0	0	0	0	0	0	0	0	0	0	0	0	0	0	0
merged_16S_9432	0	0	0	0	0	0	0	0	0	0	0	54	0	0	0	0	16	0	0	0	0	0	0	0	0	1	0	0	0	0	0	0	0	0	0	0	0	0	0	0	0	0	0	0	0	0	0	0	0	0	0	0	0	0	27	0	0	0	0
merged_16S_9574	0	0	0	0	0	0	0	0	0	0	1	4	0	0	0	0	0	0	0	0	0	0	0	0	0	0	0	1	0	0	0	0	0	1	0	0	0	95	0	0	80	0	0	0	0	0	0	0	0	0	0	2	0	0	0	0	0	0	0
merged_16S_9610	0	0	0	0	0	88	0	0	0	0	0	0	0	0	0	0	0	0	0	0	0	0	0	0	0	20	0	0	0	0	1	0	0	0	0	44	0	0	0	0	23	0	0	0	0	31	0	0	0	0	0	0	0	0	0	0	0	0	0
merged_16S_9651	0	0	94	0	0	0	0	0	0	0	0	0	0	0	0	0	0	0	0	0	0	0	0	0	0	0	0	0	0	0	0	0	0	0	0	0	0	0	0	0	0	0	0	0	0	0	0	0	0	0	0	0	0	0	0	0	0	0	0
merged_16S_9733	0	0	0	0	0	0	0	0	0	0	0	0	0	0	0	15	0	0	0	48	0	0	0	0	0	0	0	0	0	0	0	0	0	0	92	0	0	0	0	0	0	0	0	0	0	0	0	0	0	0	0	0	0	0	0	0	0	0	0
merged_16S_10096	0	0	0	0	0	0	0	85	0	0	0	0	0	0	0	0	0	0	0	0	0	0	0	0	0	0	0	0	0	0	0	0	0	0	0	0	0	0	0	0	0	0	0	0	0	0	0	0	0	0	0	0	0	0	0	0	0	0	0
merged_16S_10118	0	0	0	0	0	0	0	0	0	0	0	2	0	0	0	0	0	0	0	0	0	0	0	0	0	25	0	0	0	0	0	0	0	0	0	0	0	0	0	0	80	0	0	0	0	0	0	0	0	0	0	0	0	0	0	0	0	0	0
merged_16S_10137	0	0	0	0	0	0	0	0	0	0	0	0	51	0	0	0	0	0	0	0	0	0	0	0	0	0	0	0	0	0	0	0	0	0	0	0	0	1	0	0	0	0	0	0	0	0	0	0	79	0	85	0	0	45	0	0	0	0	0
merged_16S_10143	0	0	0	0	0	0	0	0	0	0	0	0	0	0	0	0	0	0	0	0	0	0	0	0	0	13	0	0	0	0	0	0	0	0	0	0	0	0	0	0	0	0	0	0	0	0	0	0	0	0	0	7	0	160	0	0	0	0	0
merged_16S_10343	0	0	0	0	0	0	0	0	0	0	0	30	0	0	0	0	0	0	0	0	0	0	0	0	0	1	0	0	0	0	0	0	0	0	0	0	0	0	0	0	52	0	0	0	0	0	0	0	0	0	0	0	0	0	0	0	0	0	0
merged_16S_10626	0	1	0	86	1	0	0	1	0	0	0	77	1	1	0	0	0	0	0	0	0	0	0	0	0	0	0	0	0	0	0	0	0	0	0	0	0	2	0	0	0	0	0	56	0	0	0	0	0	0	0	0	0	0	0	0	46	1	0
merged_16S_10847	0	0	0	0	0	33	0	0	0	0	0	0	0	0	0	0	0	0	0	0	0	0	0	0	0	74	0	0	0	0	0	0	0	0	0	31	0	0	0	0	0	0	0	0	0	0	0	0	0	0	0	0	0	0	0	0	0	0	0
merged_16S_10924	0	0	0	0	1	0	0	0	0	0	0	0	0	0	0	0	0	0	0	0	0	0	0	0	0	0	0	0	0	1	0	0	0	0	0	0	0	73	0	0	0	0	0	0	0	0	0	0	0	0	0	0	0	0	0	0	0	0	0
merged_16S_10996	0	0	0	0	0	4	0	0	0	0	0	0	0	0	0	0	0	0	0	0	0	0	0	0	0	0	0	0	0	0	0	72	0	0	0	0	0	0	0	0	0	0	0	0	0	0	0	0	0	0	0	0	0	0	0	0	0	0	0
merged_16S_11014	0	0	0	0	0	0	0	0	0	0	0	0	0	0	0	0	0	0	0	0	0	0	0	0	0	0	0	0	0	0	0	0	0	0	0	0	0	0	0	0	72	0	0	0	0	0	0	0	0	0	1	0	0	0	0	0	0	0	0
merged_16S_11134	0	0	0	2	2	0	1	0	0	0	0	0	0	0	0	0	0	24	0	0	0	0	0	0	0	0	0	0	0	0	0	0	0	0	0	0	0	46	0	3	0	0	0	17	0	0	0	0	0	0	0	0	9	0	0	0	0	0	1
merged_16S_11176	0	0	0	0	0	0	0	0	0	0	0	0	0	0	0	0	0	0	0	0	0	0	0	0	0	0	0	0	0	0	0	0	0	0	0	0	0	0	0	0	0	0	0	0	0	0	0	0	0	0	72	0	70	0	0	0	0	0	0
merged_16S_11247	0	0	0	1	0	0	0	34	0	0	0	0	17	0	0	0	0	0	11	0	0	0	0	0	0	0	0	0	0	0	0	0	0	0	0	0	0	1	0	34	0	0	0	84	0	0	0	0	0	0	0	0	0	0	0	0	0	0	0
merged_16S_11275	0	0	0	0	0	0	0	42	0	0	0	0	5	0	0	0	0	0	0	0	0	0	0	0	0	1	0	0	0	0	0	0	0	0	0	0	0	0	0	0	0	0	0	0	0	0	0	0	0	0	0	0	0	0	0	0	28	0	0
merged_16S_11372	0	0	0	0	0	0	0	0	0	0	0	0	0	32	0	0	0	0	0	0	0	0	0	0	0	35	0	0	0	0	0	0	0	0	0	0	0	0	0	0	0	0	0	0	0	0	0	0	0	0	0	0	0	0	0	0	0	0	0
merged_16S_11697	32	0	0	0	0	0	0	0	0	0	0	0	0	0	0	0	0	0	0	0	0	0	0	0	0	0	0	0	0	0	0	0	0	0	0	31	0	0	0	0	0	0	0	0	0	0	0	0	0	0	0	0	0	0	0	0	0	0	1
merged_16S_11731	0	0	0	0	0	0	0	0	0	0	0	0	0	0	0	63	0	0	0	0	0	0	0	0	0	16	0	0	0	0	0	0	0	0	0	0	0	0	0	0	0	0	0	0	0	0	0	0	0	0	0	0	0	0	0	0	0	0	0
merged_16S_11801	0	0	0	62	0	0	0	0	0	0	0	0	0	0	0	1	0	0	0	0	0	0	0	0	0	0	0	0	0	0	0	0	0	0	0	0	0	0	0	0	0	0	0	0	0	0	0	0	0	0	0	0	0	0	0	0	0	0	0
merged_16S_11891	0	0	0	28	0	0	0	0	0	0	0	0	0	0	0	39	0	0	0	0	0	0	0	0	0	0	0	0	0	0	0	0	0	0	0	0	0	0	0	0	0	0	0	0	0	0	0	0	0	0	0	0	0	0	0	0	9	38	0
merged_16S_11990	0	0	0	41	0	0	0	0	0	0	0	0	0	0	19	0	0	0	0	0	0	0	0	0	0	0	0	0	0	0	0	0	0	0	0	0	0	0	0	0	0	0	0	0	0	0	0	0	0	0	0	0	0	0	0	8	0	0	0
merged_16S_11994	0	0	0	0	0	61	0	0	0	0	0	0	0	0	0	0	0	0	0	0	0	0	0	0	0	1	0	0	0	0	0	0	0	0	0	0	0	0	0	0	0	0	0	0	0	14	0	0	0	0	0	0	0	0	0	0	0	0	0
merged_16S_12245	0	0	0	0	0	0	0	0	0	0	0	0	0	0	0	0	0	0	0	0	0	0	0	0	0	0	0	0	0	0	0	0	0	0	0	0	0	0	0	0	0	0	0	0	0	0	0	0	0	0	0	0	0	59	0	0	0	0	0
merged_16S_12283	0	0	0	0	0	10	0	0	0	0	5	0	0	0	0	0	0	0	0	0	0	0	0	0	0	7	0	25	0	0	0	0	0	0	0	0	0	0	0	0	47	0	0	0	0	0	10	0	0	0	0	28	0	47	0	0	0	0	0
merged_16S_12335	0	0	0	0	0	0	0	0	0	0	0	0	0	0	0	0	0	0	0	0	0	0	0	0	0	0	0	0	0	0	0	0	0	0	0	0	0	0	0	57	0	0	0	0	0	0	0	0	0	0	0	0	0	0	0	0	0	0	0
merged_16S_12457	0	0	0	0	0	0	0	0	0	0	0	0	0	0	0	0	0	0	0	0	0	0	0	0	0	0	0	0	0	0	0	0	0	0	0	0	0	0	0	0	0	0	0	0	0	0	0	0	0	0	0	0	0	56	0	0	0	0	0
merged_16S_12480	1	0	0	0	0	0	0	0	0	0	55	0	0	0	0	0	0	0	0	0	0	0	0	0	0	0	0	0	0	0	0	0	0	0	0	0	0	0	0	0	0	0	0	0	0	0	0	0	0	0	41	1	0	0	0	0	0	0	0
merged_16S_12623	0	0	0	0	0	0	0	0	0	0	0	0	36	0	0	0	0	0	0	0	0	0	0	0	0	0	0	54	0	0	0	0	0	0	0	0	0	0	0	0	0	0	0	0	0	0	0	0	0	0	0	0	0	0	0	0	0	0	0
merged_16S_12758	0	0	0	0	0	0	0	0	22	0	0	0	0	0	0	0	0	0	0	0	0	0	0	0	0	0	0	0	0	0	0	0	0	53	0	0	0	0	0	0	0	0	0	0	0	0	0	0	0	0	0	0	0	0	0	0	0	0	0
merged_16S_12923	51	0	0	0	0	0	0	0	0	0	0	0	0	0	0	0	0	0	0	0	0	0	0	0	0	0	0	0	0	0	0	0	0	0	0	0	0	0	0	0	0	0	0	0	0	0	0	0	0	0	0	0	0	0	0	0	0	0	0
merged_16S_13004	0	0	5	0	0	0	0	0	11	0	0	0	32	1	0	0	0	0	0	0	0	0	0	0	0	38	0	0	0	0	0	0	0	0	0	0	0	0	0	0	6	0	0	0	0	13	0	0	0	0	51	0	4	0	0	0	0	0	0
merged_16S_13139	0	0	0	0	0	0	0	0	0	0	0	0	0	0	0	0	2	0	0	1	0	0	0	0	0	1	0	0	0	0	0	0	0	0	0	0	0	0	0	0	0	2	0	1	0	0	0	0	0	0	0	50	0	0	0	0	0	0	0
merged_16S_13246	0	0	0	0	1	0	0	0	0	0	0	0	0	0	0	0	0	0	0	0	0	0	0	0	0	0	0	0	0	0	0	0	1	0	0	0	0	0	0	0	0	0	0	78	0	0	0	0	0	0	0	0	0	0	0	0	0	0	0
merged_16S_13335	0	0	0	0	0	0	0	0	0	0	0	0	0	0	0	0	0	0	0	0	0	0	0	0	0	0	0	0	0	0	0	49	0	0	0	0	0	0	0	0	0	0	0	0	0	0	0	0	0	0	0	0	0	0	0	0	0	0	0
merged_16S_13414	0	0	0	0	0	0	0	0	0	0	0	0	47	0	0	0	0	0	0	0	0	0	0	0	0	0	0	0	0	0	0	0	0	0	0	0	0	0	0	0	0	0	0	0	0	0	0	0	0	0	0	0	0	0	0	0	0	0	0
merged_16S_13427	0	0	0	0	0	0	0	0	0	0	0	0	0	0	0	0	0	14	0	0	0	0	0	0	0	0	0	0	0	0	0	0	0	0	0	0	0	0	0	0	0	0	0	33	0	0	0	0	0	0	0	0	0	0	0	0	0	0	0
merged_16S_13449	0	0	0	0	0	0	0	0	0	0	0	0	0	0	0	0	0	0	0	0	0	0	0	0	0	0	0	0	47	0	0	0	0	0	0	0	0	0	0	0	0	0	0	0	0	0	0	0	0	0	0	0	0	0	0	0	0	0	0
merged_16S_13615	0	0	0	0	0	0	0	0	0	0	0	0	0	0	0	0	0	0	0	0	0	0	0	0	0	0	0	0	0	0	0	0	0	0	0	0	0	0	0	0	0	0	0	0	0	0	0	0	0	0	0	0	0	46	0	0	0	0	0
merged_16S_13642	0	0	0	32	0	0	45	0	0	0	0	0	0	0	0	0	0	0	0	0	0	0	0	0	0	0	0	0	0	0	0	0	0	0	0	0	0	0	0	0	0	0	0	0	0	0	0	0	0	0	0	0	0	0	0	0	0	14	0
merged_16S_13731	0	0	0	0	0	0	0	0	0	0	0	0	0	0	0	0	0	0	0	0	0	0	0	0	0	0	0	0	0	0	0	0	0	0	0	0	0	0	0	0	0	0	0	0	0	0	0	0	0	0	45	23	0	0	0	0	0	0	0
merged_16S_13890	0	0	0	0	0	0	0	0	0	0	0	0	0	0	0	0	0	0	0	0	0	0	38	0	0	0	0	0	0	0	0	0	0	0	0	24	0	0	0	0	0	0	0	0	0	0	0	0	0	0	0	0	0	0	44	0	0	0	0
merged_16S_13976	0	0	0	0	0	0	0	0	0	0	0	0	0	0	0	0	0	0	0	0	0	0	0	0	0	0	0	0	0	0	0	0	0	0	0	0	0	43	0	0	0	0	0	1	0	0	0	0	0	0	0	0	0	0	0	0	0	0	0
merged_16S_13978	0	0	0	0	0	0	0	0	0	0	0	0	0	0	0	0	0	0	0	0	0	0	0	0	0	0	0	0	0	0	0	0	0	0	0	0	0	43	0	0	0	0	0	0	0	0	0	0	0	0	0	0	0	0	0	0	0	0	0
merged_16S_14358	0	0	0	0	0	0	0	0	0	0	0	0	0	0	0	40	0	0	0	0	0	0	0	0	0	0	0	0	0	0	0	0	0	0	0	0	0	0	0	0	0	0	0	0	0	0	0	0	0	0	0	0	0	0	0	0	0	0	0
merged_16S_14606	0	0	0	19	0	0	0	0	0	0	0	0	0	19	0	0	0	0	0	0	0	0	0	0	0	0	0	0	0	0	0	0	0	0	0	0	0	0	0	0	1	0	0	0	0	0	0	0	0	0	0	0	0	0	0	0	0	0	0
merged_16S_14846	0	0	0	1	0	0	0	0	0	0	0	0	0	0	1	0	0	0	0	0	0	0	0	1	0	0	0	0	0	0	0	1	0	0	0	0	0	0	0	36	0	0	0	37	0	0	0	0	0	0	0	0	0	0	0	0	0	0	0
merged_16S_14915	0	0	0	0	0	0	0	0	0	0	0	36	0	0	0	0	0	0	0	0	0	0	0	0	0	0	0	0	0	0	0	0	0	0	0	0	0	0	0	0	0	0	0	0	0	0	0	0	0	0	0	0	0	0	0	0	0	0	0
merged_16S_15047	0	0	0	0	0	19	17	0	0	0	0	0	0	0	0	0	0	0	0	0	0	0	0	0	0	0	0	0	0	0	0	0	0	0	0	0	0	0	0	0	0	0	0	0	0	17	0	0	0	0	0	0	0	0	0	0	0	0	0
merged_16S_15305	0	0	0	0	0	0	0	0	0	0	0	0	21	0	0	0	0	0	0	0	0	0	0	0	0	0	0	0	0	0	0	0	0	0	0	0	0	0	0	0	0	0	0	0	0	0	0	0	0	0	19	25	15	0	20	0	0	0	0
merged_16S_15309	0	0	0	0	0	0	0	0	0	0	0	0	0	0	0	0	0	0	0	0	0	0	0	0	0	15	0	0	0	0	0	0	0	0	0	0	0	0	0	0	1	0	0	0	0	0	0	0	0	0	0	0	0	34	1	0	0	0	0
merged_16S_15338	0	0	0	0	33	0	0	0	0	0	0	0	0	0	0	0	0	0	0	0	0	0	0	0	0	0	0	0	0	0	0	0	0	0	0	0	0	0	0	17	0	0	0	0	0	0	0	0	0	0	0	0	0	0	0	14	12	0	0
merged_16S_15520	0	0	0	0	0	0	0	0	0	0	0	0	0	0	0	0	0	0	32	0	0	0	0	0	0	0	0	0	0	0	0	0	0	0	0	0	0	0	0	0	0	0	0	0	0	0	0	0	0	0	0	0	0	0	0	0	0	0	0
merged_16S_15522	0	8	3	0	0	0	0	0	0	0	0	0	1	0	0	0	0	0	32	0	0	0	0	0	0	0	0	0	0	0	0	0	0	0	0	0	0	0	0	0	0	0	0	0	0	0	0	0	0	0	0	0	0	0	0	0	0	0	0
merged_16S_15549	0	0	0	0	0	0	0	0	0	0	0	0	0	0	0	0	0	0	0	0	0	0	0	0	0	0	0	0	0	0	0	0	0	0	0	0	0	33	0	0	0	0	0	0	0	0	0	0	0	0	0	0	0	0	0	0	0	0	0
merged_16S_15675	0	0	0	0	0	0	0	0	0	0	0	0	0	0	0	0	0	0	31	0	0	0	0	0	0	0	0	0	0	0	0	0	0	0	0	0	0	0	0	0	0	0	0	0	0	0	0	0	0	0	0	0	0	0	0	0	0	0	0
merged_16S_15677	0	0	0	0	0	0	0	0	0	0	0	0	0	0	29	0	0	0	31	0	0	0	0	0	0	22	0	0	0	0	0	0	0	0	0	0	0	0	0	0	0	0	0	0	0	0	0	0	0	0	0	0	0	0	0	0	0	0	0
merged_16S_15864	0	0	0	0	0	0	0	0	0	0	0	0	0	0	0	0	0	0	0	0	0	0	0	0	0	0	0	0	0	0	0	0	0	0	0	0	0	0	0	30	0	0	0	0	0	0	0	0	0	0	0	0	0	0	0	0	0	0	0
merged_16S_15866	0	0	0	0	0	0	0	0	0	0	0	0	0	0	0	0	0	0	0	0	0	0	0	0	0	0	0	3	0	0	0	0	0	0	0	0	0	0	0	0	30	0	0	0	0	0	0	0	0	0	0	0	0	0	0	0	0	0	0
merged_16S_15897	0	0	0	0	0	0	0	0	0	0	0	0	0	0	0	0	0	0	0	0	0	0	0	0	0	0	0	0	0	0	0	0	0	0	0	0	0	0	0	0	0	0	0	0	0	0	0	0	0	0	30	0	0	0	0	0	16	0	0
merged_16S_15919	0	0	0	0	0	0	0	0	0	0	0	0	0	0	0	0	0	0	0	0	0	0	0	0	0	0	0	0	0	0	0	0	0	0	0	0	0	0	0	0	0	0	0	0	0	0	0	0	0	0	0	0	0	0	0	0	0	22	30
merged_16S_15922	0	29	0	0	0	0	0	0	0	0	0	0	0	0	0	0	0	0	0	0	0	0	0	0	0	0	0	0	0	0	0	0	0	0	0	0	0	0	0	0	0	0	0	0	0	0	0	0	0	0	0	0	0	0	0	0	0	0	0
merged_16S_15979	0	0	0	0	0	0	0	0	0	0	0	0	0	0	0	0	0	19	0	0	0	0	0	0	0	10	0	0	0	0	0	1	0	0	0	0	0	0	0	0	0	0	0	0	0	0	0	0	0	0	0	0	0	0	0	0	0	0	0
merged_16S_16027	0	0	0	0	0	0	0	0	0	0	0	0	0	0	0	0	0	0	0	0	0	0	0	0	0	0	0	0	0	0	0	0	0	0	0	0	0	0	0	0	45	0	0	0	0	0	0	0	0	0	0	0	0	0	0	0	0	0	0
merged_16S_16038	0	0	0	0	0	0	0	0	0	0	0	0	0	0	0	0	0	0	0	0	0	0	0	0	0	0	0	0	0	0	0	0	0	1	0	0	0	0	0	0	0	0	0	0	0	29	0	0	0	0	0	0	0	0	0	0	0	0	0
merged_16S_16058	0	0	0	0	0	0	0	0	0	0	0	0	0	0	0	1	0	0	0	0	0	0	0	0	0	0	0	0	0	0	0	0	0	28	0	0	0	0	0	0	0	0	0	0	0	0	0	0	0	0	0	16	0	29	0	0	1	0	0
merged_16S_16079	0	0	28	0	0	0	0	0	0	0	0	0	0	0	0	0	0	0	0	0	0	0	0	0	0	0	0	0	0	0	0	0	0	0	0	0	0	0	0	0	0	0	0	0	0	0	0	0	0	0	0	0	0	0	0	0	0	0	0
merged_16S_16190	0	0	0	0	0	0	0	0	0	0	0	0	0	0	0	0	0	0	0	0	0	0	0	0	0	12	0	0	0	0	0	0	0	0	0	6	0	0	0	0	0	0	0	0	0	0	28	0	0	0	23	0	0	0	14	0	0	0	0
merged_16S_16371	0	0	0	0	0	1	0	0	0	0	0	0	0	0	0	0	0	0	0	0	0	0	0	0	0	0	0	0	0	0	0	0	0	0	0	0	0	0	0	0	0	0	0	0	0	0	0	27	0	0	0	0	0	0	0	0	0	0	0
merged_16S_16410	0	0	0	0	0	0	0	0	0	0	0	0	0	0	0	0	0	0	0	0	0	0	0	0	0	0	0	0	0	0	0	0	0	0	0	0	0	0	0	0	0	0	0	0	0	0	0	0	0	0	0	0	0	0	0	0	27	0	0
merged_16S_16420	0	0	0	26	0	0	0	0	0	0	0	0	0	0	0	0	0	0	0	0	0	0	0	0	0	0	0	0	0	0	0	0	0	0	0	0	0	0	0	0	0	0	0	0	0	0	0	0	0	0	0	0	0	0	0	0	0	0	0
merged_16S_16658	0	0	0	0	0	0	0	0	0	0	0	0	0	0	0	0	0	0	0	0	0	0	0	0	0	25	0	0	0	0	0	0	0	0	0	0	0	0	0	0	0	0	0	0	0	0	0	0	0	0	0	0	0	0	0	0	0	0	0
merged_16S_16699	0	0	0	17	0	0	0	0	0	1	0	0	0	0	0	0	0	0	0	0	0	0	0	0	0	0	0	0	0	0	0	0	0	0	0	0	0	0	0	0	0	0	0	17	0	0	0	0	0	0	0	0	0	0	0	0	0	0	8
merged_16S_16718	0	0	0	0	0	0	1	0	0	0	0	0	0	0	0	0	0	0	0	0	0	0	0	0	0	17	0	0	0	0	0	0	0	0	0	0	0	0	0	0	0	0	0	0	0	0	0	0	0	0	25	0	15	1	0	0	0	0	0
merged_16S_16754	24	0	0	0	0	0	0	0	0	0	0	0	0	0	0	0	0	0	0	0	0	0	0	0	0	0	0	0	0	0	0	0	0	0	0	0	0	0	0	0	0	0	0	0	0	0	0	0	0	0	0	0	0	0	0	0	0	0	0
merged_16S_16841	0	0	0	0	0	0	0	0	0	0	0	0	0	0	0	0	0	0	0	0	0	0	0	0	0	0	0	0	0	0	0	0	0	0	24	0	0	0	0	0	0	0	0	0	0	0	0	0	0	0	0	0	0	0	0	0	0	0	0
merged_16S_16866	0	0	0	0	0	0	0	0	0	0	0	0	0	0	0	0	0	0	0	0	0	0	0	0	0	0	0	0	0	0	0	0	0	0	0	0	0	0	0	0	0	0	0	24	0	0	0	0	0	0	0	0	0	0	0	0	0	0	0
merged_16S_16871	10	0	0	0	0	0	0	0	0	0	0	6	0	0	0	0	5	0	0	0	0	0	0	0	0	8	0	15	0	0	0	0	0	0	0	0	0	0	0	0	0	0	0	0	0	0	0	0	0	0	28	0	0	0	0	0	0	0	0
merged_16S_16885	0	0	0	0	0	0	0	0	0	0	0	0	0	0	0	0	0	0	0	0	0	0	0	0	0	0	0	0	0	0	0	0	0	0	0	0	0	0	0	0	0	0	0	0	0	12	0	0	0	0	0	0	0	24	5	0	0	0	0
merged_16S_16898	0	0	0	0	0	0	0	0	0	0	0	0	2	0	0	0	0	0	0	1	0	0	0	0	0	0	1	0	0	1	0	0	0	0	0	0	0	0	0	0	0	0	0	0	0	1	0	0	0	0	0	0	0	0	0	0	24	0	0
merged_16S_16903	0	40	0	0	0	0	0	0	0	0	0	0	0	0	0	0	0	0	0	0	0	0	0	0	0	0	0	0	0	0	0	0	0	0	0	0	0	0	0	0	0	0	0	0	0	0	0	0	0	0	0	0	0	0	0	0	0	0	0
merged_16S_17043	0	0	0	0	0	0	0	0	0	0	0	0	0	0	0	0	0	0	0	0	0	0	0	0	0	0	0	0	0	0	0	0	0	0	0	0	0	0	0	0	0	0	0	0	0	0	0	0	0	0	23	0	0	0	0	0	0	0	0
merged_16S_17046	0	0	0	0	0	0	0	0	0	0	0	0	0	0	0	0	0	0	0	0	0	0	0	0	0	0	0	0	0	0	0	0	0	0	0	0	0	0	0	0	0	0	0	0	0	0	0	0	0	0	23	0	0	0	0	0	0	0	0
merged_16S_17061	0	0	0	0	0	0	0	0	0	0	0	0	0	0	0	0	0	0	0	0	0	0	0	0	0	0	0	0	0	0	0	0	0	0	0	0	0	0	0	0	0	0	0	0	0	0	0	0	0	0	1	0	0	24	0	0	0	0	0
merged_16S_17104	0	0	0	0	12	0	0	0	0	0	0	0	10	0	0	0	0	0	0	0	0	0	0	0	0	0	0	0	0	0	0	0	0	0	0	0	0	0	0	0	0	0	0	0	0	0	0	0	0	0	0	0	0	0	0	0	0	0	0
merged_16S_17185	0	1	0	0	8	0	0	0	0	0	0	0	0	0	0	0	0	0	0	0	0	0	0	0	0	0	0	0	0	0	0	0	0	0	0	0	0	22	0	0	18	0	0	0	0	0	0	0	0	0	0	0	0	0	0	0	10	0	0
merged_16S_17350	0	0	0	0	0	0	0	0	0	0	0	0	0	0	0	0	0	0	0	0	0	0	0	0	0	21	0	0	0	0	0	0	0	0	0	0	0	0	0	0	0	0	0	0	0	0	0	0	0	0	0	0	0	0	0	0	0	0	0
merged_16S_17371	0	0	0	0	0	0	0	0	0	0	0	0	0	0	0	0	0	0	0	0	0	0	0	0	0	0	0	0	0	0	0	0	0	0	0	0	0	21	0	0	15	0	0	0	0	0	0	0	0	0	0	0	0	0	0	0	0	0	0
merged_16S_17444	20	0	0	0	0	0	0	0	0	0	0	0	0	0	0	0	0	0	0	0	0	0	0	0	0	0	0	0	0	0	0	0	0	0	0	0	0	0	0	0	0	0	0	0	0	0	0	0	0	0	0	0	0	0	0	0	0	0	0
merged_16S_17535	0	0	0	0	0	0	0	0	0	0	0	0	0	0	0	0	0	0	0	0	0	0	0	0	0	20	0	0	0	0	0	0	0	0	0	0	0	0	0	0	0	0	0	0	0	0	0	0	0	0	0	0	0	0	0	0	0	0	0
merged_16S_17573	0	0	0	0	0	0	0	0	0	0	0	0	0	0	0	0	0	0	0	0	0	0	0	0	0	0	0	0	0	0	0	0	0	0	0	0	0	0	0	0	20	0	0	0	0	0	0	0	0	0	0	0	0	0	0	0	0	0	0
merged_16S_17614	0	0	0	0	0	1	0	0	0	0	0	0	0	0	0	0	0	0	0	0	0	0	0	0	0	0	0	0	0	0	0	0	0	0	0	0	0	0	0	0	0	0	0	0	0	0	0	0	0	0	0	0	0	25	0	0	0	0	0
merged_16S_17719	0	0	0	1	0	0	0	0	0	0	0	0	0	0	0	0	1	0	0	0	0	0	1	0	0	19	0	0	0	0	0	0	0	0	0	0	0	0	0	0	0	0	0	0	0	0	0	0	0	19	0	0	0	0	1	0	0	1	0
merged_16S_17769	0	0	0	0	0	0	0	0	0	0	0	0	0	0	0	0	0	0	0	0	0	0	0	0	0	0	0	0	0	0	0	0	0	0	0	0	0	0	0	1	0	0	0	0	0	0	0	0	0	0	19	4	0	0	0	0	0	0	0
merged_16S_17778	0	0	0	0	0	0	0	0	0	0	0	0	0	0	0	0	0	0	0	0	0	0	0	0	0	0	0	0	0	0	0	0	0	0	0	0	0	0	0	1	0	0	0	0	0	0	0	0	0	0	0	19	0	0	0	0	0	0	0
merged_16S_18014	0	0	0	0	0	17	0	0	0	0	0	0	0	0	0	0	0	0	0	0	0	0	0	0	0	0	0	0	0	0	0	0	0	0	0	0	0	0	0	0	0	0	0	0	0	0	0	0	0	0	0	0	0	0	0	0	0	0	0
merged_16S_18030	0	0	0	0	0	0	0	0	0	0	17	0	0	0	0	0	0	0	0	0	0	0	0	0	0	0	0	0	0	0	0	0	0	0	0	0	0	0	0	0	0	0	0	0	0	0	0	0	0	0	0	11	0	0	0	0	0	0	0
merged_16S_18042	0	0	0	0	0	0	0	0	0	0	0	0	17	2	0	0	0	0	0	0	0	0	0	0	0	0	0	0	0	1	0	0	0	0	0	0	0	0	0	0	0	0	0	0	0	0	0	0	0	0	0	0	0	0	0	0	0	0	0
merged_16S_18077	0	0	0	0	0	0	0	0	0	0	0	0	0	0	0	0	0	0	0	0	0	0	0	0	0	17	0	0	0	0	0	0	0	0	0	0	0	0	0	0	0	0	0	0	0	0	0	0	0	0	0	0	0	0	0	0	0	0	0
merged_16S_18079	0	0	0	0	0	0	0	0	0	0	0	0	0	0	0	0	0	0	0	0	0	0	0	0	0	17	0	0	0	0	0	0	0	0	0	0	0	0	0	0	0	0	0	0	0	0	0	0	0	0	16	0	0	0	0	0	0	0	0
merged_16S_18275	0	0	0	0	0	0	0	0	0	0	0	0	0	0	0	0	0	0	0	0	0	0	0	0	0	16	0	0	0	0	0	0	0	0	0	0	0	0	0	0	0	0	0	0	0	0	0	0	0	0	0	0	0	0	0	0	0	0	0
merged_16S_18316	0	0	0	0	0	0	0	0	0	0	0	0	0	0	0	0	0	0	0	0	0	0	0	0	0	0	0	0	0	0	0	0	0	0	0	0	0	0	0	0	16	0	0	0	0	0	0	0	0	0	0	0	0	0	0	0	0	0	0
merged_16S_18324	0	0	0	0	0	0	0	0	0	0	0	0	0	0	0	0	0	0	0	0	0	0	0	0	0	0	0	0	0	0	0	0	0	0	0	0	0	0	0	0	0	0	0	16	0	0	0	0	0	0	0	0	0	0	0	0	0	0	0
merged_16S_18462	0	0	0	0	0	0	0	0	0	0	0	0	0	0	0	0	0	0	0	0	0	0	0	0	0	15	0	0	0	0	0	0	0	0	0	0	0	0	0	0	0	0	0	0	0	0	0	0	0	0	0	0	0	0	0	0	0	0	0
merged_16S_18596	0	0	0	0	0	0	0	1	0	0	0	0	14	0	0	0	0	0	0	0	0	0	0	0	0	0	0	0	0	0	0	0	0	0	0	0	0	0	0	0	0	0	0	0	0	0	0	0	0	0	0	0	0	0	0	0	0	0	0
merged_16S_18759	0	0	0	0	13	0	0	0	0	0	0	0	0	0	0	0	0	0	0	0	0	0	0	0	0	0	0	0	0	0	0	0	0	0	0	0	0	0	0	0	0	0	0	0	0	0	0	0	0	0	0	0	0	0	0	0	0	0	0
merged_16S_18956	0	0	0	0	0	0	0	0	0	0	12	0	0	10	0	0	0	0	0	0	0	0	0	0	0	0	0	0	0	0	0	0	0	0	0	0	0	0	0	0	0	0	0	0	0	0	0	0	0	0	0	0	0	0	0	0	0	0	0
merged_16S_18972	0	0	0	0	0	0	0	0	0	0	0	0	0	12	0	0	0	0	0	0	0	0	0	0	0	0	0	0	0	0	0	0	0	0	0	0	0	0	0	0	0	0	0	0	0	0	0	0	0	0	0	0	0	0	0	0	0	0	0
merged_16S_18990	0	0	0	0	0	0	0	0	0	0	0	0	0	0	0	0	0	0	0	0	0	0	0	0	0	12	0	0	0	0	0	0	0	0	0	0	0	0	0	0	0	0	0	0	0	0	0	0	0	0	0	0	0	0	0	0	0	0	0
merged_16S_19006	0	0	0	0	0	0	0	0	0	0	0	0	0	0	0	0	0	0	0	0	0	0	0	0	0	12	0	0	0	0	0	0	0	0	0	0	0	0	0	0	0	0	0	2	0	0	0	0	0	0	0	0	0	0	0	0	0	0	0
merged_16S_19122	0	0	0	0	1	0	0	11	0	0	0	0	0	0	0	0	0	0	0	0	0	0	0	1	0	0	0	0	0	0	0	0	0	1	0	0	0	0	0	0	0	0	0	0	0	0	0	0	0	0	0	0	0	0	0	0	0	0	0
merged_16S_19345	0	0	0	0	0	0	0	0	0	0	0	0	0	0	0	0	0	0	0	0	0	0	0	0	0	0	0	0	0	0	0	0	0	0	0	10	0	0	0	0	0	0	0	0	0	0	0	0	0	0	0	0	0	8	0	0	0	0	0
merged_16S_19348	0	0	0	0	0	0	0	0	0	0	0	0	0	0	0	0	0	0	0	0	0	0	0	0	0	0	0	0	0	0	0	0	0	0	0	0	0	0	0	10	0	0	0	0	0	0	0	0	0	0	0	0	0	0	0	0	0	0	0
merged_16S_19372	0	0	0	0	0	0	0	0	0	0	0	0	0	0	0	0	0	0	0	0	0	0	0	0	0	0	0	0	0	0	0	0	0	0	0	0	0	0	0	0	0	0	0	0	0	0	0	0	0	0	0	10	0	0	0	0	0	0	0
merged_16S_19444	0	0	0	0	0	0	9	0	0	0	0	0	0	0	0	0	0	0	0	0	0	0	0	0	0	0	0	0	0	0	0	0	0	0	0	0	0	0	0	0	0	0	0	0	0	0	0	0	0	0	0	0	0	0	0	0	0	0	0
merged_16S_19528	0	0	0	0	0	0	0	0	0	0	0	0	0	0	0	0	0	0	0	0	0	0	0	0	0	0	0	0	0	0	0	0	0	0	0	0	0	0	0	0	0	0	0	9	0	0	0	0	0	0	0	0	0	0	0	0	0	0	0
merged_16S_19537	0	0	0	0	0	0	0	0	0	0	0	0	0	0	0	0	0	0	0	0	0	0	0	0	0	1	0	0	0	0	0	0	0	0	0	0	0	0	0	0	0	0	0	0	0	0	0	0	0	0	9	1	0	0	0	0	0	0	0
merged_16S_19540	0	0	0	0	0	0	0	0	0	0	0	0	0	0	0	0	0	0	0	0	0	0	0	0	0	0	0	0	0	0	0	0	0	0	0	0	0	0	0	0	0	0	0	0	0	0	0	0	0	0	9	0	0	0	0	0	0	0	0
merged_16S_19648	0	0	0	0	0	0	0	0	0	0	0	0	0	0	0	0	0	0	0	0	0	0	0	0	0	6	0	0	0	0	0	0	0	0	0	0	0	0	0	0	0	0	0	0	0	0	0	0	0	0	0	0	2	0	0	0	0	0	0
merged_16S_19649	0	0	0	0	0	0	0	0	0	0	0	0	0	0	0	0	0	0	0	0	0	0	0	0	0	8	0	0	0	0	0	0	0	0	0	0	0	0	0	0	0	0	0	0	0	0	0	0	0	0	0	8	0	0	0	0	0	0	0
merged_16S_19696	0	0	0	0	0	0	0	0	0	0	0	0	0	0	0	0	0	0	0	0	0	0	0	0	0	0	0	0	0	0	0	0	0	0	0	0	0	0	0	0	0	0	0	0	0	0	0	0	0	0	0	0	0	8	0	0	0	0	0
merged_16S_19719	0	0	0	0	0	0	0	0	0	0	0	0	0	0	0	0	0	0	0	0	0	0	0	0	0	0	0	0	0	0	0	0	0	0	0	0	0	0	0	0	0	0	0	0	0	0	0	0	0	0	0	0	0	0	4	0	0	0	8
merged_16S_19723	7	0	0	0	0	0	0	0	0	0	0	0	0	0	0	0	0	0	0	0	0	0	0	0	0	0	0	0	0	0	0	0	0	0	0	0	0	0	0	0	0	0	0	0	0	0	0	0	0	0	0	0	0	0	0	0	0	0	0
merged_16S_19795	0	0	0	0	0	0	0	0	0	0	0	0	0	0	0	0	0	0	0	0	0	0	0	0	0	7	0	0	0	0	0	0	0	0	0	0	0	0	0	0	0	0	0	0	0	0	0	0	0	0	0	0	0	0	0	0	0	0	0
merged_16S_19862	0	0	0	0	0	0	0	0	0	0	0	0	0	0	0	0	0	0	0	0	0	0	0	0	0	0	0	0	0	0	0	0	0	0	0	0	0	0	0	0	0	0	0	0	0	0	0	0	0	0	0	0	0	0	7	0	0	0	0
merged_16S_19950	0	0	0	0	0	0	0	0	0	0	0	0	0	0	0	0	0	0	0	0	0	0	0	0	0	6	0	0	0	0	0	0	0	0	0	0	0	0	0	0	0	0	0	0	0	0	0	0	0	0	0	0	0	0	0	0	0	0	0
merged_16S_19970	0	0	0	0	0	0	0	0	0	0	0	0	0	0	0	0	0	0	0	0	0	0	0	0	0	0	0	0	0	0	0	0	0	0	0	0	0	0	0	0	0	0	0	0	0	6	0	0	0	0	0	0	0	0	0	0	0	0	0
merged_16S_20015	0	0	0	5	0	0	0	0	0	0	0	0	0	0	0	0	0	0	1	0	0	0	0	0	0	0	0	0	0	1	0	0	0	1	0	0	0	0	0	0	0	0	0	0	0	0	0	0	0	0	0	0	0	0	0	0	0	0	0
merged_16S_20066	0	0	0	0	0	0	0	0	0	0	0	0	0	0	0	0	0	0	0	0	0	0	0	0	0	5	0	0	0	0	0	0	0	0	0	0	0	0	0	0	0	0	0	0	0	0	0	0	0	0	0	0	0	0	0	0	0	0	0
merged_16S_20128	4	0	0	0	0	0	0	0	0	0	0	0	0	0	0	0	0	0	0	0	0	0	0	0	0	0	0	0	0	0	0	0	0	0	0	0	0	0	0	0	0	0	0	0	0	0	0	0	0	0	0	0	0	0	0	0	0	0	0
merged_16S_20203	0	0	0	0	0	0	0	0	0	0	0	0	0	0	0	0	0	0	0	0	0	0	0	0	0	0	0	0	0	0	0	0	0	0	0	0	0	0	0	0	0	0	0	0	0	0	0	0	0	0	0	0	4	0	0	0	0	0	0
merged_16S_20204	0	0	0	0	0	0	0	0	0	0	0	0	0	0	0	0	0	0	0	0	0	0	0	0	0	0	0	0	0	0	0	0	0	0	0	0	0	0	0	0	0	0	0	0	0	0	0	0	0	0	0	0	0	4	0	0	0	0	0
merged_16S_20226	0	0	0	0	0	0	0	0	0	0	0	0	0	0	0	0	0	0	0	0	0	0	0	0	0	0	0	0	0	0	0	0	0	0	0	0	0	0	0	0	0	0	0	0	0	0	0	0	0	0	0	0	0	0	0	0	0	0	4