depth	0.15-1.5	0.15-1.5	0.15-1.5	3.05-4.60	3.05-4.60	6	0.15-1.5	0.15-1.5	3.05-4.60	3.05-4.60	6	3.05-4.60	0.15-1.5	0.15-1.5	3.05-4.60	3.05-4.60	6	0.15-1.5	0.15-1.5	3.05-4.60	3.05-4.60	6	3.05-4.60	0.15-1.5	0.15-1.5	3.05-4.60	3.05-4.60	6	0.15-1.5	0.15-1.5	3.05-4.60	3.05-4.60	6	6	0.15-1.5	0.15-1.5	0.15-1.5	0.15-1.5	3.05-4.60	3.05-4.60	6	0.15-1.5	0.15-1.5	3.05-4.60	0.15-1.5	6	0.15-1.5	0.15-1.5	3.05-4.60	3.05-4.60	6	0.15-1.5	3.05-4.60	3.05-4.60	6
Acidimicrobiaceae	0.00112541	0.00656931	0.000264254	0.000560357	0	8.35778E-06	0.045448088	0	0.000164333	0.000697437	0.001182215	0	0.023919799	0	0	0.000505832	0	0.016451923	1.07657E-05	0.000633606	0	0	0	0.010677508	0.001120645	0	0.008718501	0	0.002562306	0	0.000836671	0.003502092	0	0	0.00157423	0	0.00585593	0	2.78565E-06	0	0.000157701	0.001045291	0	0	0.039988273	4.58901E-06	0.007888599	0.001340262	0	0	0	0	0	0.000356375	0
Acidimicrobiales	0.00752039	0.006673481	0	0	0.000150229	8.35778E-06	0.024986067	0	0	0	0	0	0.012734682	0	0.000340982	0	0	0.02120444	0	0.001710738	6.66716E-06	1.2622E-05	0	0.011837661	0	0	0.007999873	0	0.003230966	0	0	0	0.001038372	7.83613E-06	0.001406968	0	0.011903004	0	0.000250708	0	9.46205E-05	0.005047657	0	0	0.009404867	0.001234443	0.004655988	0	0	0	0.000912028	0	0	0	2.25757E-05
Acidimicrobiia	0.001204851	0.010417141	0.002920955	0.000754327	0.001808308	0.002724636	0.002038006	0.000519406	0.001035299	0.003469304	0	0	0.00128845	0.003290228	0.004091784	0.004678943	0.001666086	0.004775986	0.004489277	0	0	0.001880672	0.004039662	0.003726861	0.001408811	0	0.005492592	0.004213783	0.005087167	0.003229612	0.00172643	2.08458E-05	0.002178214	0.004701678	0.007940022	0	0.005734294	0	0.000643485	1.23057E-05	0.004386508	0.005542795	0.000589122	0	0.000844327	0.012147105	0.010383798	0.002398363	0	0	0.001093921	0.001488879	0.002983694	1.11367E-05	0.008296554
Acidobacteria	0.001019489	0.001263078	0.009834039	0	0.013181176	0.008784027	0.003376643	0.012970711	0.030730296	0.005972925	0.009734078	0	8.56113E-06	0.013502863	0.021762677	0.016896723	0.0144373	0.000786219	0.011939109	0.041860269	0.014727747	0.02061166	0.001899528	0.001581093	0.012029786	0	0.007303406	0.006987412	0.001984583	0.005922567	0.016865075	0.009158247	0.006845817	0.002860188	0.002676191	1.83925E-05	0.002258964	0	0.018594195	1.23057E-05	0.008848226	0.002166229	3.21924E-06	0	0.001489299	0.009898491	0.003206887	0.01159209	0.04101207	0.005670836	2.56188E-06	0.000871539	0.000584525	0.008363681	0.000553104
Acidobacteriaceae	0.014458214	0.01533273	0.24254779	0.326192375	0.055000389	0.047171309	0.006163193	0.072139662	0.029473148	0.048427189	0.036648652	0.005783487	0.0049997	0.056159065	0.045882141	0.0542699	0.040435843	0.006700462	0.071182499	0.048935541	0.011527512	0.032627766	0.039041625	0.005236086	0.064215274	0	0.016873496	0.018855345	0.015416629	0.028587867	0.04143007	0.032866851	0.040503289	0.054696193	0.039719787	0.036720618	0.003101732	0	0.037856946	0.021658073	0.042586487	0.007977224	0.004622833	0	0.0149399	0.027038438	0.011995816	0.04371135	0.019206821	0.003829182	0.001306557	0.037621425	0.040314771	0.054625639	0.039654141
Acidobacteriia	0	0.003945492	0.001373179	0.000538805	0.0016859	0.00097786	0.001218433	0.008498052	0.0001972	0.00642	0.00205736	0	0.000612121	0.000854876	0.001805199	0.000486377	0.001672421	0	0.000785893	0.001119371	0.001586783	0.005907077	0.001051072	0.0020431	0.000869072	0	0.001972268	0	0.002637196	0	0.000953465	0	0	0.001183256	0.000403396	0	0.000738508	0	0.000284136	0	0.000771521	0.000433246	0	0	0.002697156	0	0.003918576	0.000540807	0	0	0	0.005828416	0.001570365	0.000801844	0.000338635
Actinobacteria	0.049676941	0.073232504	0.036839895	0.014741697	0.052440938	0.043059282	0.093147272	0.034006637	0.129847828	0.030866074	0.073742554	0	0.076215467	0.024833091	0.056592988	0.015573778	0.060770961	0.104496703	0.036247955	0.051216524	0.02463514	0.034622035	0.04096648	0.084927259	0.043000768	3.54083E-05	0.075300747	0.025522722	0.040247993	0.015050571	0.025299736	0.020644274	0.036735384	0.074458915	0.041185789	0.015725584	0.089602683	0.004059668	0.055111245	0.018458585	0.05734	0.055304166	0.004120631	1.43152E-05	0.054564644	0.048381916	0.071228907	0.042935409	0.038820768	0.009664126	0.012063873	0.055052202	0.025317781	0.052197833	0.040421713
Actinomycetales	0.000225082	5.20857E-05	0.00958866	0.022823768	0.001691464	0.001178447	0.002464185	0.001356226	0.000862749	0.004649582	3.07069E-05	0	0.000809027	0.001150954	0.000421213	9.72753E-06	0	0	0.002077771	0.000781448	0	1.2622E-05	0.000493877	0	0.000910239	0	0.002146385	0	0.000700756	0	0.001248636	0	0.003639377	0.000642563	9.83894E-06	0	0.001268495	0	0.000718697	0.007297294	0.000427005	0.001340999	0	0	0.001571387	0	0.002418027	0.001881069	1.19743E-05	0	0.000591793	0.004085338	0.001020738	0.001614825	0.000541816
Actinophytocola	0.001429933	0.004935121	0	0	0.000751143	0	0.002606244	0	0.000131467	0.005114541	0	0	0.018992869	0	0	0.000223733	0.000430775	0.005409655	0	0	0.002013481	0	0	0.00181723	0	3.54083E-05	0.009316829	2.66695E-05	0.005220899	0	0.000244206	0	0	0.000752269	0.004525911	0	0.000747196	0	0.00072984	0	0	0.010143452	0.000141647	0	0.004819701	0.007622343	0	0	0.003532426	0	0.006850456	0	0.000593249	0	0.00015803
Alphaproteobacteria	0.018655333	0.032807485	0.015119127	0.015733098	0.016280338	0.037777165	0.020647791	0.008844323	0.004231578	0.021549026	0.003086041	0.00603911	0.023975447	0.054737053	0.012345555	0.035203938	0.016236419	0.025511042	0.016923607	0.014361747	0.010760789	0.006475065	0.034242152	0.022936109	0.011796509	0.006125628	0.016579081	0.007227438	0.025767488	0.0165155	0.022180271	0.005565824	0.032960714	0.018783206	0.03534146	0.016369321	0.018184662	0	0.010632815	7.38343E-05	0.020898991	0.017405477	0.006003889	1.43152E-05	0.024192319	0.021816146	0.027893058	0.017682052	0.013626784	0.008697713	0.024968041	0.020099864	0.029252419	0.021059548	0.036245217
Altererythrobacter	0.001257812	0.006185178	0.000117971	0	0	0	0.001885019	0	0	0	0	0	0.001553845	0	0	7.78203E-05	0	0.002640287	0	0	0.020401496	0	0	0.006806912	0	0.013490546	0.002250855	0	0.002112966	0	0	0.000868574	0.001971893	0	0.002833614	9.19625E-06	0.002172081	0	0.000988905	0.001193655	0.000230486	0.005109549	0	0	0.001055409	0.007503029	0.001792084	0.004655647	0	0	0.007201433	0	0	0	0
Alteromonas	0.003111429	0.001627678	0.002600075	0	0.004584757	0.005574639	0.001721105	0.000447266	0.002769013	0.004184624	0.003638764	0	0.001832082	0.007160104	0.011051829	0.023433624	0.003718603	0.005925978	0.003369649	0.008574808	0.001623452	0.016206596	0.002368078	0.003562592	0.003581492	0	0.001848803	0.006160657	0.008179051	0.008494653	0.010108003	0.00682352	0.003274086	0.003761343	0.008402452	0.004423395	0.001372755	0	0.003646412	0	0.007300333	0.004882611	0	0	0.018153034	0.001734645	0.007159761	0.003856192	0	0	0	0.001289151	0.008828944	0.001302997	0.005519748
Anaerolineaceae	0.000834128	0.002356878	0.019795486	0.000409492	0.030808008	0.02239885	0.003250975	0.006160727	0.021215408	0.015182675	0.027405883	0	0.003629919	0.063394231	0.024089377	0.007538837	0.031389566	0.0009153	0.029885453	0.019789643	0.018708039	0.007699395	0.033735611	0.005923964	0.022701076	0	0.006201722	0.004693834	0.000930775	0.002639773	0.016754652	0.018990508	0.013536047	0.036908176	0.001751331	0.015964686	0.00575167	0	0.02425463	0.003359462	0.027270103	0.002984582	7.08234E-05	0	0.00036353	0.003744631	0.00127761	0.019351501	0	0.002990409	0.001503821	0.023477077	0.053165595	0.032419008	0.026797304
Anaerolineae	0.002277301	1.95321E-05	0.001845062	0	0.004645961	0.010489014	0.000234944	0.003520416	0.004453428	0.002360557	0.001535344	0	0.001463953	0.014028298	0.002968549	0.002003872	0.004922239	0.001431622	0.00403712	0.005977021	4.00029E-05	0.007951835	0.010181468	0.003172452	0.003531177	0	0.001329619	0.002453595	0.006927319	0.004670367	0.010175956	0.005148908	0.009551673	0.009959722	0.000885504	1.83925E-05	0.001372755	0	0.00432611	0	0.001625531	0.00118283	9.33581E-05	0	0.000246262	4.58901E-06	0.001732062	0.007453737	0.002885813	0	0.000399653	0.022242397	0.028371269	0.003786487	0.006422774
Archaea	1.32401E-05	0	0.00857883	0	0.03618842	0.006577573	0	0.00292887	0.013450667	0.008887856	0.0040226	0	0	0.009186784	0.011904284	0.024717658	0.014107884	0	0.010033589	0.009947622	0.00677383	0	0.02357947	0	0.008658702	0	0.001044701	0	0	0.001701831	0.003569654	0.014050058	0.001833218	0.001496701	0	0.008037521	0	0	0.007008688	0.003248711	0.00497364	0	0.017915089	0	0	0.002927787	0.000574496	0.003926732	0.010513459	0	0	0.032228779	0.017640439	0.038187832	0.014753192
Ardenticatena	1.32401E-05	0	0	0	0	3.34311E-05	0	0.036921079	0	0	1.53534E-05	0	4.28057E-06	0.003824004	0.001133264	0.002879349	0	0	0.003617259	0.002259863	0	0.002625368	0	0	0.004070916	0	0	2.66695E-05	0	0	0.001989748	0	0.001305576	0.000705252	0	0	0	0.00641994	0.000626771	0	0.001419307	0.000158169	0.004078781	0	1.17268E-05	0	0	0.000940535	0	0	0	0	0.001247568	2.22735E-05	1.12878E-05
Arthrobacter	0.010287575	0.006959953	0.000358631	2.15522E-05	0.000244817	0.00015044	0.011960311	0.000663685	0.000624466	0.000339777	0.000414543	0.005847393	0.003595675	0	0.000952744	0.005457145	0.000430775	0.007181581	0.000549048	0.000823688	0.00445366	0.001035001	0.000278597	0.023346783	0.001106923	0.00364705	0.026962771	2.66695E-05	0.022723747	0.001155505	4.24706E-06	6.94859E-06	0.002056451	0	0.007969539	2.75887E-05	0.003718603	0.005022659	0.000554344	7.38343E-05	0.000262026	0.037664874	0.006879523	0.008904031	0.00318968	0.002427585	0.009697832	0	0.004550244	0.005178513	0.018868215	0.000472084	0	0.00057911	0.000372498
Bacillales	0.00104597	0.000598986	0.001712935	2.15522E-05	0.000817912	0.001738418	0.000202161	0.002568172	0.001043515	1.7883E-05	0.002226248	0.019810838	9.41724E-05	0.0003211	0.000621791	0.005029134	0.001691426	0.000375508	9.68909E-05	0.000802568	0.005223716	0.003433173	0.002558031	0.000462008	0.00104746	3.54083E-05	0.00039572	0	6.41914E-05	0.001082984	0.003223519	0.001007546	0.002601005	0.001363487	0	3.6785E-05	0.000616871	5.66465E-05	0.001390038	4.92229E-05	0.001191247	0.000488261	0.011177213	1.43152E-05	0	1.3767E-05	0	4.70267E-05	3.5923E-05	0.006928996	1.02475E-05	0.000853382	0.000462385	0.000924348	0.0012981
Bacillus	0.0065009	0.008385799	0.007691691	0.002974202	0.009603508	0.011283003	0.0018577	0.002712451	0.006959508	0.010318496	0.00343917	0.032368354	0.005962828	0.002623008	0.00664915	0.011624401	0.017351367	0.006876481	0.002120834	0.011320436	0.014557734	0.008343115	0.006850963	0.007710393	0.005264747	0.021669853	0.02391731	0.005093877	0.023087498	0.009645323	0.022405365	0.029670498	0.012497675	0.024346858	0.01285949	0.018512047	0.003675161	0.037311178	0.027870401	0.047303201	0.006046005	0.011759528	0.046981637	0.083929798	0.001418939	0.012243474	0.003927151	0.01123939	0.017494492	0.035137304	0.024035518	0.009459828	0.015564067	0.006069515	0.013218047
Bacteria	0.085809236	0.021153308	0.089218892	0.016573633	0.100124634	0.105316384	0.037481833	0.12477276	0.137555052	0.140471038	0.156451514	0.033966002	0.025888859	0.117847715	0.156560895	0.096069104	0.117443223	0.049121078	0.146143743	0.132128073	0.099650641	0.151021748	0.097585067	0.045831152	0.145235656	0.004248991	0.055049386	0.079608492	0.037461017	0.09565066	0.162995791	0.114888058	0.144533324	0.117189337	0.032635753	0.073340077	0.028115416	0.019882931	0.157921127	0.027490986	0.1422558	0.028724882	0.047612609	7.15758E-05	0.034980944	0.076205074	0.024831939	0.157116321	0.123072133	0.027424237	0.006658315	0.09005901	0.077305602	0.114184847	0.086577643
Betaproteobacteria	0.060163118	0.025528507	0.007748317	0.003362141	0.009369819	0.02450501	0.016637344	0.009666715	0.01956386	0.041864125	0.006126021	0.005144427	0.015320143	0.015120871	0.013869945	0.04662406	0.013176649	0.009364219	0.006502455	0.00394948	0.007130523	6.31098E-05	0.019590462	0.036755269	0.018442623	0	0.009351653	0.001973544	0.046009169	0.005835541	0.015639798	0.002049835	0.006943904	0.019707869	0.010321045	1.83925E-05	0.046456467	0	0.008863929	0.00195661	0.013892225	0.031324357	0.006238894	0	0.030255057	0.010196777	0.010195157	0.010228315	0.013878245	0	0.003686539	0.033481616	0.038465229	0.00812981	0.018320145
Blastococcus	0.007970554	0.00931032	0	0	0.000478506	8.35778E-06	0.021549322	0.000447266	0	3.5766E-05	0	0	0.01930535	4.17012E-06	0.0004513	0.000165368	0.000310411	0.020218733	0	0	0	0	0	0.003151918	0.000343055	0	0.031825377	0	0.0066973	0	0.000295171	6.94859E-06	0	0	0.01054734	0	0.004517928	0.000944109	0.000331492	0.0004307	0.000126161	0.013444373	0	0	0.008748168	0.001376703	0.027001303	0.010016694	0	1.82342E-05	0.014510464	0.002051748	0.000724113	0.000467742	0
Bradyrhizobium	0.001707976	0.004863503	1.41565E-05	2.15522E-05	0.000261509	0	0.000754008	0	0.000279366	0.000608022	1.53534E-05	0	0.000659207	0.00067139	0	0	0	0.002675491	0	0	0	0.001035001	0	0.002402439	0.000640369	3.54083E-05	0.002140053	0	0.006258659	0	0.000777212	0.00311297	3.38232E-06	0	0.010724441	0.00161854	0.000356221	0	0	0	0	0.003349059	0	0	0.002157725	0.001785124	0.003189738	0.000681888	0	0	0.001450022	0	0.006342532	0.000211598	0.001377115
Brevitalea	0.053238534	0.008320692	8.96577E-05	0	0.000500762	0.006778159	0	0.003924398	0.004231578	0.003916379	0.000184241	0	0.001267047	0.000604668	0.001373957	0.003686735	0.001963828	0.001255603	0.000979674	0	0	0.003130246	0.000620512	0.000944549	0.002213847	0	0.000189946	0.002666951	0.034615199	0.001682492	0.004743966	0.004606918	0.00103499	0.000658235	0.023456025	0.008911164	0.000330156	0	0.000245137	0	0.002173844	0.000391984	0	1.43152E-05	0.024532395	0	0.003206887	0.000799454	0.003604272	0	0	0.002505674	0.013269588	0.001102536	0.001049768
Brevundimonas	0.001138651	0.00684927	0.000405819	0	0.000339406	0.000718769	0.003655298	0	9.03832E-05	0.001108747	0	0	0.001750751	0.000871556	0.00619785	0	0	0.001595907	0.001216519	0	0	0	0	0.00081108	0	3.54083E-05	0.002728884	0	0.002631846	0.001624475	0.000590341	0	0	0.000297773	0.002902486	0	0.002997472	0	0.000292493	0	0.000623525	0.003761674	6.76041E-05	0	0.003447669	0.003680385	0.002237961	0	0	0	0.002139166	0	0	0	0
Burkholderiaceae	0.001204851	0.001712318	4.71883E-06	0	0	0	0.003371179	0	0	0	0	0	0.002465606	4.17012E-06	0.000170491	0	0	0.007052501	1.07657E-05	0	0.002166826	0.000984513	2.5327E-05	0.003593392	0.000100629	0	0.002893504	0	0.000839837	0	2.12353E-06	0	0	0	0.000865826	0.001075961	0.001928808	0.004456193	0	0	2.42617E-06	0.00274389	3.21924E-06	0	0.005605394	0	0.004493072	0.000493781	0	1.82342E-05	0.000876161	0	0	0	0
Caldilineales	0.009612329	0.01268938	0.00028313	0.000129313	0.001980793	0.002039298	0.016467966	0.000288559	0.000920266	0.000608022	0.001412516	3.1953E-05	0.009023432	0.002256037	0.002096037	0.00071011	0.002489627	0.013506536	0.002616054	0.005491256	0.00426698	0.000391281	0.002114807	0.011847928	0.001015442	0	0.01109282	0.003627054	0.005151358	0.000899263	0.000747483	0.002195756	0.004336135	0.005148338	0.005490127	0	0.011251379	0	0.002309302	0	0.004211824	0.002998336	6.43849E-06	0	0.016452653	0.007512207	0.009037591	0.001058102	0	0	0	0.000290513	0.000549628	0.001603688	0.001219085
Cand Kuenenia	0.000225082	3.90643E-05	0.004454574	0	0.009636892	0.003217745	0.000147523	0.004414947	0.010648787	0.001931365	0.010977707	0	0	0.010675518	0.010119143	0.005427963	0.011618257	1.17346E-05	0.012175954	0.01072907	0.003413584	0.006298358	0.007522129	0.000297738	0.0063488	0	0.002051412	0.0043738	0.000780995	0.0072908	0.005111337	0.002452854	0.008401684	0.006315921	0.001426646	0.002161118	0.000251961	0	0.011596649	1.23057E-05	0.010056457	0.001340999	9.65773E-06	0	0.000973322	0.005341606	0.001260461	0.008112112	0.013411246	0	0.001140035	0.007444394	0.013182346	0.009766908	0.008093373
Cand Nitrosotalea	0	0	0.058857949	0.041875902	0.073801231	0.065784085	0	0.071158563	0.048231775	0.045208248	0.030983234	6.39059E-05	4.28057E-06	0.034057406	0.031370347	0.029454966	0.045015996	1.17346E-05	0.053063905	0.044246853	0.026411937	0.013682204	0.058796713	1.02668E-05	0.02763649	0	0.018507028	0.016108385	0	0.002538243	0.015656787	0.012076657	0.023730361	0.029189587	0	0.001784072	0	1.88822E-05	0.033511336	0	0.014394441	6.87692E-06	0.013977955	1.43152E-05	0.000164175	0.005483865	0	0.008723459	0.030091484	1.82342E-05	0	0.032265093	0.024087661	0.090474759	0.057443758
Cand_Methylomirabilis	0	0	0.028407348	0.002887993	0.061755116	0.074183654	1.09276E-05	0.081113836	0.029078748	0.057636939	0.057345084	0	0	0.042835518	0.069871229	0.064230893	0.03810459	0	0.065121437	0.050181634	0.024778484	0.04309137	0.128800638	0	0.07246231	0	0.009161707	0.015041604	5.34928E-06	0.013445435	0.027790637	0.021492002	0.030589708	0.076175028	0.028660822	0.031147692	0	0.000302115	0.0350323	0	0.051827752	0.000336969	0.010568776	0	0	0.02550112	0.003206887	0.046062687	0.022152505	0	0	0.057485247	0.044022578	0.061964741	0.087198474
Carboxydocella	0	0	0.013071155	0.039569818	0.000189177	0	0	0	0	0	0	0.003003579	0	0.00033778	0	0	0	0	0	0.000781448	0	0	0	0	0	0	3.16576E-06	0	0	0	0	0	0	0	0	0.001379437	0	0	0	0	0	0	0	0	0	0	0	0	0	0.003209219	0	0	0	0	0
Carboxydothermus	0	0	0.00149115	0	0.002442607	0.003292965	5.46382E-06	0.003188573	0.002358181	0.000965683	0.002395136	0	0	0.004566286	0.001634708	0.000291826	0.002122201	0	0.002433038	0.001626257	6.66716E-06	3.78659E-05	0.00226677	0	0.000965127	0	0.000294416	0.003467036	0	0.000604344	0.002711748	0.005121114	0.005749945	0.000415315	1.96779E-05	9.19625E-06	0	0	0.002370586	1.23057E-05	0.003474269	0.000226938	3.21924E-06	0	0	0.001193142	0.000866031	0.002633497	0.000730434	0	0	0.001343622	0.000793907	0.00193779	0.003984603
Cellulomonas	0.004250079	0.001250057	0	0	0	0	0.005135995	0	0	0	0	0	0.002136002	0	0.000792282	0	0	0.00256988	0	0	0	0	0	0.002145769	0	0	0.01908003	2.66695E-05	0.00282977	0	0	0	0	0	0.001151156	0	0.001928808	0	0	0	0	0.0085205	0	0	0.002345353	0.000936158	0.007254081	0.002280797	0	0.005488494	0.004811203	0	0	0	0
Chelativorans	0.012803199	0.004889546	0	0	0	0	0.005873611	0	0	0.000250362	0	0	0.003287474	4.17012E-06	0	9.72753E-06	0	0.003285691	0	0	0.002333504	0	0	0.003162185	0	0	0.003447512	0	0.004578985	0	0	0.00232083	0.001796012	0	0.002331828	0	0.002024379	0	0	0	0	0.003864827	3.21924E-06	0	0.005065963	0.002143067	0.001843531	0	0	0	0.000929961	1.81571E-05	0	0	0
Chloroflexi	0.016828196	0.051304421	0.006573328	0.00275868	0.00747805	0.003242819	0.072931123	0.008656759	0.004239795	0.00017883	0.007799546	0	0.082499337	0.007752261	0.015564827	0.007470744	0.005650755	0.07417447	0.00733141	0.010010983	0.011594184	0.010514092	0.007104233	0.034116693	0.008782201	0	0.038733063	0.00165351	0.017738217	0.008344776	0.008952802	0.010137999	0.012588997	0.002444873	0.011875596	3.6785E-05	0.04535305	0	0.009641125	0.004454672	0.022192138	0.026483007	0.00106235	2.86303E-05	0.0258927	0.013473329	0.036690561	0.001645936	0.005747677	0.002315743	0.003051194	0.009332728	0.011926053	0.011983117	0.006783985
Chromatiales	0	0.006920888	0.000863546	0	0.000745579	0.001738418	0.000453497	0.001500505	0.000550516	0	1.53534E-05	0	0	0.000250207	0.009036024	0.004192566	0.00047512	0.000187754	0.000635174	0.002513306	0.001846802	0.002082623	0.000278597	0.000544142	0.000219555	0	0.002462961	0	0	0.001566458	0.000352506	0	0.001681013	0.000258592	0.021655499	0	0.002015691	0	0.001975024	0	0.001310129	0.000845861	0	0	0.003541483	0	0.002538071	0.000775941	0	0	0	0	8.72425E-06	0.000590246	0.002641352
Clostridia	1.32401E-05	0	0.005459685	0.000581909	0.00798994	0.003284607	0	0.019968259	0.002374614	0.001108747	0.005849659	0	8.56113E-06	0.005617158	0.002346759	0.001070029	0.004219062	0	0.015890104	0.009884261	0.003473588	0.010261653	0.003520458	0	0.008494035	3.54083E-05	0.001041535	0.0021869	5.34928E-06	0.000236903	0.00366946	6.94859E-06	0.001481456	0.002805335	0.019648356	0.01536693	0.001042599	0.001132931	0.007677244	0.012527226	0.005953811	0.000949015	0.001905792	1.43152E-05	0.00036353	0.009962737	2.57237E-05	0.010557502	0.000550819	0	0	0.000526555	0.000628146	0.006849086	0.007043605
Clostridiales	9.26809E-05	0.000110682	0.000339756	4.31044E-05	0.001379878	0.001646483	5.46382E-06	0.001716924	0.002177414	0.003594485	0.002180188	0	0.000214028	0.000688071	0.00081234	0.001595315	0.002027177	0.002828041	0.001345707	0.004963251	0.001606784	0.003407929	0.000278597	0.001806963	0.001056609	0	0.000525516	0.002586943	0.003236315	0.000275581	2.12353E-06	6.94859E-06	0.002675416	0.003009074	0.000610014	0	0.000495234	0.005626888	0.002236875	1.23057E-05	0.001101479	0.004002366	3.21924E-06	0	0	0.002583612	0.001946426	0.002468904	0.001400996	0.004230334	0.002382544	0.001125738	0.006839814	0.000567973	0.001049768
Clostridium	0.000291283	0	0.000783326	2.15522E-05	0.00228125	0.002992085	0	1.44279E-05	0.000797016	0.001609471	0.000813732	0	0.00204183	0.000821515	0.001694881	0.000505832	0.001963828	0	0.000602877	0.001626257	0.003066892	0.003471039	0.00068383	1.02668E-05	0.000740998	0	0.002377485	0.002640282	8.02392E-05	0	0.000473547	0	0.000761022	0.004004263	0	0	0.00020852	0	0.00230373	1.23057E-05	0.000174684	0	0.001548456	0.002032753	0	0.001748412	7.71711E-05	0.001575396	0.001987738	0.005142044	0	0.002523831	0.003812498	0.001213903	0.001535145
Cnuella	0.00542845	0.002168068	0	0	0	0.000142082	0.007119363	0.002871159	0.052085387	0.000268245	0	0	0.001609493	0.000546286	0.001664795	0.000136185	0	0.001466826	8.61252E-05	0	0.002790205	0.00070683	0	0.001611893	0	0	0.004058503	0.00106678	0.011998438	0	0	6.94859E-06	0	0	0.000895343	0	0.007836868	0	0.000189424	0	0.000332385	0.014173326	0	0.002791457	0.008654354	0.003409633	0.006070792	0.002398363	0	0	0.014738471	0	0.003175628	0	7.90148E-05
Comamonadaceae	0.004726724	0.003398592	0.000802201	0.00187504	5.56403E-06	0	0.004906514	0	0.001150332	0.00017883	0.000506663	0	0.001802118	0	0	0.00011673	0.000823541	0.002440799	0.00024761	0.003822759	0.010754122	0.001628233	0	0.007043049	0	0.005169606	0.007984045	0.001973544	0.010725309	0.002335183	0.000210229	0.002675209	0.000605435	0	0.002469573	0.003715284	0.006907217	0.031910876	0.000740982	0.022384111	6.79326E-05	0.00796347	0.016765819	0.004137082	0.00551158	0.005855575	0.006722458	0.001034588	0.00096992	0.005287918	0.028008987	0	0.000191934	1.11367E-05	1.12878E-05
Conexibacter	0.029498994	0.010898934	0.002321664	0.003987155	0	0.005340621	0.002065325	0	9.03832E-05	0.003970028	0.001750292	0	0.005110995	0.000975809	0	0.000107003	0	0.008049943	0.002443803	0	0.002056817	0	0.003900363	0.001519492	0	0.004886339	0.000788274	0.00053339	0.010484591	0.000962115	0	0	0	0.010163462	0.020838868	0	0.00311042	0	0.002128234	0	3.39663E-05	0.002571967	3.21924E-06	0	0.003740838	0.002308271	0.008231582	0.00251593	0	0	0.000258749	0	8.72425E-06	0	0.002776806
Corynebacterium	1.32401E-05	0	0	0	0.000289329	0	0	2.88559E-05	0	0	0	0.013643916	0.000166942	0	1.00289E-05	0.015038764	0	0	0.000462923	0.001457295	0.009067332	0	0	0	0	0	0	0.001573501	0	0.000759055	0	0.012882694	0	0	0	0.012139047	8.68832E-06	0	0.000250708	0.011001317	0.0040056	0.002021814	0	0	0	0.001982452	1.71491E-05	0	0.001832072	3.64684E-05	0.058172512	0	0	0	0
Coxiellaceae	0.000119161	6.51071E-05	0.000575697	0	0.00136875	0.000384458	0.000448034	0.000245275	0.000731282	0.000107298	0.001888473	0	0.001331256	0.000512925	0.001032975	0.001245124	0.001184631	0	0.000678236	0.001056011	0.0040903	0.006285736	0.000341915	0.00039014	0.00173357	0	0.000177283	0.002026883	0.000235368	0.00076389	0.001639365	0.007087566	0.001288664	0	9.83894E-06	0.00014714	0.000243273	0.009667674	0.002156091	0.006694314	0.001693464	0	0	0	0.011703313	0	8.57456E-06	0.001504856	0.00293371	0.002935706	0.0226726	0	0.000331522	0.000824118	0.000869163
Curtobacterium	0	0.003242335	4.24695E-05	0	0	0	0.002343981	0	0	0	0	0	0.002298664	0	0	0	0	0	0.000882784	0	0	0.001565123	0	0	0	0.005842362	0.003026466	0	0.001299875	0.006024096	0.000558488	0	0	0	0.007231618	0.004717675	0	0	0	1.23057E-05	0.000164979	0.002310644	0.000585902	0	0.000574612	0.002225669	0.001191864	0.002492417	0.002143405	0	0.015571081	1.81571E-05	0	0	0
Dankookia	0.003323271	0.00337255	9.90954E-05	0.000711222	0.0007734	0	0.004584148	0.000158707	0.002563597	1.7883E-05	0	0	0.006955919	0.000262718	0.000441271	0.001585588	0.000164708	0.004729048	0	0	0.002186827	0	0.000354578	0.00042094	0	0	0.009000253	0	0.005450918	0.001991916	0	1.38972E-05	3.38232E-06	0	0.005834489	0	0.000651624	0.007156344	0.000746553	1.23057E-05	0.000815192	0.005900395	0.003669937	0.012454191	0.003869833	0.001349168	0.0172263	0.007336171	0	0	0.002661789	7.26282E-05	0.000191934	0	0
Dehalogenimonas	0.000397204	0	0	0	0.001168445	0.001470969	1.09276E-05	0	0.000977782	0.000983566	0.001090094	0	4.28057E-06	0.00066305	0.000822368	0.003375454	0.005701435	0.0003051	0.000333735	0.0019853	0.001846802	0.004203113	0.005419986	8.21347E-05	0.000402518	0	5.38179E-05	0	0.00014978	0	0.001378171	0.000264047	0.002902031	0.003393045	0	0	0.000182455	0	0.003646412	0	0.001945785	0	0	0	0	4.58901E-06	0	0.002633497	0.005580036	0	0	0.000798911	0.005295621	0	0.003781422
Deltaproteobacteria	0.007824913	0.006803695	0.018441182	0.006422552	0.040545052	0.039991977	0.003272831	0.041913144	0.027164267	0.021388079	0.035128662	3.1953E-05	0.005316462	0.052885518	0.039523829	0.058190095	0.03545659	0.005292309	0.024179657	0.025048576	0.013397649	0.019980562	0.036356959	0.00243324	0.0280756	0	0.008367101	0.01581502	0.007237578	0.040843954	0.048754125	0.039787651	0.030224417	0.028868306	0.008333579	0.021188155	0.002067821	0.006778701	0.029561288	0.001390547	0.030504181	0.006526194	0.00893662	1.43152E-05	0.012371738	0.023270862	0.006207985	0.031484399	0.020440176	0.006126691	4.099E-05	0.057376305	0.034617834	0.033187442	0.035782416
Enterobacterales	0.002052219	0.001302143	0.001349585	2.15522E-05	0.000617607	8.35778E-06	5.46382E-06	0.00083682	0.001158549	0.003308357	0.001704231	0	0.001883449	0.000800664	0	0	0.002369263	0.001783661	0.000785893	0.001267213	0.002843542	0.000845671	0	0.007895196	0.001500293	0	0.000601494	0	0.004381061	0	0	0	0.001900864	0	0	9.19625E-06	0.007237374	0	0.001523749	0	0.001094201	0.003438458	0	0	0.000422164	4.58901E-06	0.000720263	0.002139716	0	0	2.56188E-06	1.81571E-05	0	0	0.004492556
Escherichia	0	0.001152396	0	0	0.000561967	0.000877567	0.001655539	0	0	0.001967131	9.21206E-05	0.017126789	0	0	0.000140404	9.72753E-06	0.000171043	0.002217841	0.002282318	0.003231393	0.003700271	0.002940917	0.000886446	0.007730927	0.000429962	0.002478578	0.000984551	0.001973544	0.001048459	0.000251407	0.002229706	0.004030185	0.000750875	7.83613E-06	0.0011118	0.004027957	0	0.009780967	0.000724268	0.020476724	0.000150422	0.000852738	0.01114502	0.012940907	0	0.004946951	0.001397654	0.003127278	5.98716E-05	0.005798476	0.005992227	0.000653654	0.000174485	0.000668204	0.000406362
Finegoldia	0	0	0	0	0	0	0	0	0	0	0	0	0	0	0	0.001284034	0	0	0	0	0	0	0	0	0	0	0	0	0	0	0	0	0	0	0	0	0	0.003663142	0	0	5.09495E-05	0	3.21924E-06	0	0	0	8.57456E-06	0	0	0	0.075575333	0	0	0	0
Firmicutes	0.00321735	0.004694224	0.004515919	2.15522E-05	0.005380412	0.008148835	0.006447312	0.004833357	0.008997239	0.006849193	0.006571271	0.005655675	0.005384951	0.006851514	0.008905648	0.005311232	0.00572044	0.003403037	0.002809836	0.008659289	0.029062131	0.0042536	0.008889789	0.001498958	0.006883965	0	0.004726478	0.002080222	0.00528509	0.004269083	0.01130355	2.77944E-05	0.006446703	0.008431677	0.002971359	0.002179511	0.004031382	0	0.01097545	0	0.017820187	0.003266536	0.002218059	0	0.005652301	0.007525974	0.004655988	0.005784288	0.002323019	0	0.007531915	0.010748979	0.002730691	0.005345628	0.01325191
Gaiella	0.006778943	0.016263762	0.000259536	0	0.001468903	0.000852494	0.012140617	0.000389554	8.21666E-06	0.001412758	0.000875146	3.1953E-05	0.004648694	0.000279398	0.000310895	0.000564197	0.000829876	0.009704523	0.000236844	0	0.002190161	0.001035001	0.000607849	0.013121015	0.000393369	0	0.004169305	0	0.007670869	0.000106364	0.001688206	0.003773087	0.000470143	0.001520209	0.00027549	0	0.014857034	0	0.000373277	0	0.002011291	0.010948052	0.007610291	0	0.006719437	0.00490565	0.004501646	0.001316749	0	0	0	0.002142533	0	0.000968895	0.00233658
Gammaproteobacteria	0.043215761	0.020612919	0.011830103	0.003922498	0.016803356	0.020125534	0.009714679	0.007401529	0.015250115	0.037089361	0.012804766	0	0.011163715	0.02815668	0.0197569	0.037810916	0.029375059	0.0079678	0.011196279	0.016938413	0.027121989	0.014022997	0.011929034	0.0121662	0.010726178	3.54083E-05	0.012343295	0.01146789	0.03029298	0.018884527	0.03141975	0.009005378	0.030511914	0.010375037	0.08947529	0.006510944	0.013180187	0	0.01203121	0.001378241	0.026551958	0.026152915	0.014048778	0	0.041970097	0.016309336	0.044982165	0.011686144	0.005268704	0.00694723	0.003530265	0.029922833	0.06542317	0.017295335	0.02500254
Geminicoccaceae	0.004448681	5.85964E-05	0.000188753	0	0.000216997	0	0.000841429	0	0.00012325	1.7883E-05	0	0	0.000809027	0	1.00289E-05	0.000486377	0.000297742	0.000352038	0	2.11202E-05	0.001976812	0	0.000582522	0	0.000681535	0	0.000550842	0.000426712	0.005627444	0.000768725	0.001308094	0	0	0.00117542	0.002932003	0	0	0	0.001674174	0	7.2785E-05	0.001389137	0	0	0.000703606	0.005355373	0.002906777	0.002186743	0	0	0.006947807	0.000962324	0.000104691	0	0.000982041
Gemmata	0.00215814	0.000423196	0.000703105	0	0.000528582	0.001746776	0.001792134	0.004530371	0.000977782	0.001359109	0.000552724	0	0.001605212	0.001150954	0.000802311	0	0.001697761	0.000727546	0.001162691	0	0.007530552	0.002183599	2.5327E-05	0.00120122	0.001724422	0	0.001358111	0.001040111	0.002995598	0.00047864	0.001244389	0.000403018	0.004528927	0.001449684	0.002056338	0	0.001746353	0	0.002147734	0	0.001339243	0.003314674	0	0	0.002134271	0.007434194	0.001037522	0.001575396	0	0	0	0.000217885	0	0.000924348	0.000395074
Gemmatimonas	0.023911662	0.028575521	0.031403804	0.023750512	0.02696883	0.030589474	0.01358853	0.010315972	0.011626569	0.030705127	0.022661672	3.1953E-05	0.019159811	0.010504543	0.015524711	0.009289793	0.016768553	0.041892558	0.011357764	0.008152403	0.003100227	0.006411956	0.042916661	0.047319843	0.012747914	0	0.023749525	0.008294218	0.022943068	0.004351273	0.021555953	0.013501119	0.022157582	0.019903772	0.022846011	0.01669119	0.077239198	0.002851208	0.013488104	0.011013622	0.016541598	0.027500791	0.01710384	0.000100206	0.031814717	0.00111054	0.035198587	0.009734534	0.010908612	0	0.004485844	0.054434862	0.032096525	0.028866393	0.028332449
Geobacter	0.003720475	0.026381411	0.007002742	0	0.006838187	0.010923618	0.001174722	0.0077478	0.006335042	0.012053148	0.013388196	0	0.00128845	0.006968278	0.011252407	0.008540773	0.011453549	1.17346E-05	0.008364913	0.021817183	0.014534399	0.011700557	0.007686755	0.002597509	0.011878842	0	0.002586425	0.013068061	0.001578038	0.006846004	0.013981321	0.001799686	0.008002571	0.006472644	0.002321989	0	0.000295403	1.88822E-05	0.012345989	0.011333571	0.014661319	0.001691722	0.00863723	0	0.00591029	0.001610742	0.000540198	0.006513203	0.012848453	1.82342E-05	0	0.004103495	0.006159322	0.008207767	0.005779368
Haliangium	0.000767927	0.001243546	0.001222177	0	0.001201829	0.001437538	0.000573702	0.000591545	0.000262933	1.7883E-05	0.000506663	0	0.000158381	0.001430353	0.001213495	0.000136185	0.000867885	0.000410711	0.000979674	0.004202923	0	1.2622E-05	0.001051072	0.003552325	0.002154384	0	0.000867418	0	0.002856516	0.001479433	0.0016606	0.00375919	0.003030559	0.000368298	0.00064937	0	0.001112105	0	0.000540416	0	0.001217935	0.005907272	3.21924E-06	0	2.34535E-05	0.003294908	0.001843531	0	0.002023661	0	0.001286062	0.002523831	0.002957522	0.000222735	0.001151358
Halomonas	0	0	0.000797482	0	0.001780488	0.001195163	0	0.000360698	0.000558733	0	0.002379783	0.100044734	0	0.001371971	0.002206354	0.001089484	0.002964746	0	0.002196193	0.01174284	0.035299255	0.035215268	0.000747148	0	0.003668399	0.090503505	0.000389388	0.014161511	0	0.01123112	0.005317319	0.040128132	0.008158157	0.003447898	9.83894E-06	0.060373368	0.000547364	0.085366314	0.002378943	0.064924997	0.00339178	0.004504381	0.077303691	0.120261681	1.17268E-05	0.022119021	0.000257237	0.012673705	0.015913881	0.181466759	0.029451323	1.81571E-05	0.000689216	0.000790708	0.002551049
Holophaga	0.01512022	0.004726778	0.001887531	0.004159572	0.001708156	0.001821996	0.004354668	0.001197518	0.00036975	0.004148858	0.00098262	0	0.000860394	0.001926597	0.001474246	0.000359919	0.002350258	0.008460654	0	0.00092929	0.00540373	0	0.000506541	0.022874508	0.001985143	0	0.00612891	0.002080222	0.011008821	0.000135373	0.000819683	0.001667663	0.000270586	0.002319495	0.004309454	0.003788854	0.014552942	0	0.003289849	1.23057E-05	0.001989456	0.008871223	0.000450694	0	0.007024333	0.003092992	0.006533818	0.002986198	0	0	0.000799305	0.001688606	0.002887728	0.001002305	0.001964082
Hydrogenophilus	0.001575575	0.000553411	0	0	0	0	0	0	0	0	0	0	0	0	0	0.000223733	0.000285072	0	0	0.000739208	0.001070078	0	0	0	0	0.00527583	0	0	0.001166143	0	0	0.003793932	0.001197341	0.000462332	9.83894E-06	0	0	0.001831571	6.96412E-05	0	0	0.000529523	0	0.050375057	0.000375257	0	0	0.001598909	0	0	0	0	0	0	0
Hymenobacter	0.007838153	0.003691574	0	0	0	0	0.006835244	1.44279E-05	1.64333E-05	0	1.53534E-05	0	0.004657255	4.17012E-06	7.02022E-05	0	0	0.001396419	0	2.11202E-05	0.004160305	0	0	0.014886911	0	0	0.00423262	2.66695E-05	0.013972323	0.023927169	0	6.94859E-06	0	0.000274265	0.001151156	0	0.004848085	0	0	0	8.24896E-05	0.016697154	0	0	0.008384638	0	0.004990396	0.000329187	2.39487E-05	0	0.008853842	0	0	0	0
Iamia	0.007162906	0.023744572	0	0	0.000183613	0.000183871	0.026149862	0	0	0.004631699	0	0	0.022661313	0.000204336	0.00018052	0.000282098	0.000354756	0.037140041	0	0	0.001320097	0	0.000696493	0.017166148	0.001157238	0	0.00940547	0	0.006167721	0	2.12353E-06	0	0.000598671	0.000893319	0.005588516	0	0.014466059	0	0	0	0.000300845	0.004786334	3.21924E-06	0	0.027991791	0.002294504	0.016385993	0.002774577	0	0	0	0.017249206	0.000113415	0.000501153	0.001918931
Ktedonobacterales	0	0	0.029148204	0.079527576	0.000133537	0	0	0	0	0	0	0	0.001044458	0	0	0	0.000487789	0	0	0	0	0	0	0	0	0	0	0	0	0	0	0	0	0	0	0	0	0	0	0	8.24896E-05	0	0	0	0	0	0	0	0	0	0	0	0	0	0
Longimicrobium	0.026255164	0.0029168	0	0	1.11281E-05	0	0.021128607	0.000317415	0	0	0	0	0.015893739	0	0	7.78203E-05	0	0.002065291	0	0	0.000693384	0	0	0.012956746	4.57406E-06	0	0.020751551	0	0.04882824	0	2.12353E-06	6.94859E-06	0	0	0.001780848	0	0.049193289	0.002870091	7.24268E-05	0	0	0.014214587	0.000292951	0	0.008736441	0	0.005659213	0.002562957	0	0	0	0	0	2.22735E-05	0
Luteitalea	0.06572397	0.03751473	0.016780154	0.006638074	0.020737122	0.027914985	0.028149621	0.024787188	0.038281404	0.067544126	0.029616778	6.39059E-05	0.046118811	0.034678754	0.021883023	0.036244784	0.03108549	0.030333967	0.031457239	0.027498522	0.054580669	0.036603683	0.015006268	0.065184136	0.034845214	0	0.027048246	0.019495413	0.067497232	0.031450038	0.044156683	0.05264255	0.055402412	0.015609573	0.036433582	0.035433143	0.097387421	0.058081571	0.028742308	0.00808486	0.042838808	0.056693303	0.014100286	0	0.059419525	0.05336099	0.050821443	0.024101202	0.050998659	0.025236133	0.01748224	0.032137994	0.028153163	0.025458555	0.024652617
Lysobacter	0	0.017357562	0.00020291	8.62088E-05	0	0.000534898	0.006665865	0.00049055	8.21666E-05	0.000518607	0.000921206	3.1953E-05	0.002213052	0.000362801	0	0.005418235	1.26699E-05	0.00195968	0.000850487	0	0	0.000668964	0.000151962	0.01404503	0.002552327	0	0.005397619	0	0.006750793	0	4.24706E-06	0	0.000869256	0.00014105	0.014374686	0.002013978	0.011181873	0	0.000470774	0	0.000334811	0.00586601	0.002218059	0	0.014810906	0.00314806	0.007031143	0.001363775	0	0.002607491	0.017159443	0	0.000209382	0.000467742	0.001433554
Methanomassiliicoccus	2.64802E-05	0	0.021074289	0.007047566	0.064637281	0.011366581	0	0.012913	0.038462171	0.038126576	0.097739974	6.39059E-05	0	0.020258464	0.021170972	0.003521367	0.035652973	1.17346E-05	0.030402205	0.033538903	0.013404316	0.024499224	0.057669659	0.0020431	0.070065501	7.08165E-05	0.006021274	0.006454022	6.95407E-05	0.00326829	0.007570384	0.004829273	0.002922325	0.090264391	0	0.005223469	0.000338845	0.001623867	0.037670308	0.00765416	0.025542673	0.001045291	0.016089778	0	1.17268E-05	0.007369948	0	0.021044464	0.011339688	0.008843587	0	0.013817522	0.00449299	0.05350083	0.017428407
Microcoleus	0	0	0	0	0	0	0.054457934	0.001428365	0	1.7883E-05	0	0	8.56113E-06	0	0.000200578	0	0	0	0	0	0	0	0	0	4.57406E-06	0	0.003159428	0	0	0	0	0	0	0	0	0	0.019409715	0.007061934	0	0.00161205	0	0.004800088	0.001059131	0	8.20874E-05	0	0.014628207	0.002892144	0	0	0	0	0	0	0
Microcystis	0.00651414	0.006341435	4.71883E-06	0	0	0	0.012085979	0	0	1.7883E-05	0	0	0.019853262	0	0	0	0	0.007169847	0	0	3.33358E-06	0	0	0.007505056	0	0	0.008572876	0	0.004905291	0	0	0	0	0	0.00305007	0	0.00585593	0	0	0	0	0.009359484	0.003164516	0	0.007423043	0.000977459	0.014285224	0.001904583	0	0	0	0	0	0	0
Micropepsaceae	0.000291283	0.000807328	0.000542665	0	0	0.00380279	9.2885E-05	0.001587073	0	0.001019332	0	0.015337423	5.99279E-05	0.001271888	0.000431242	0.001974689	0.001621741	0	0.000678236	0.001710738	0.003076892	0.00496043	0.007509466	0.000708412	0.000182963	0	0.000132962	0	1.06986E-05	0	0.001550177	0	0.002256008	0.000250756	0.000403396	0	0.001025222	0	0.001456894	0	0.003275324	0	0	0	0	0	0	0.000329187	0	0	0	0.003558783	0.004772166	0	0.001501281
Microvirga	0.017357801	0.004629117	0	0	8.34604E-05	0	0.012167936	0	0	0	0	0	0.006908833	0	0.000621791	0.000612835	0.000158373	0.008871365	0.000183016	0.001267213	0.001843469	0.003761344	0	0.006375705	9.14813E-06	0	0.015730657	0.000266695	0.013116438	0.003413332	0	0.007351613	0	0.000109706	0.010891703	0.000671326	0.0058038	0.002454683	0.000233994	0	0.000684179	0.010872406	0.00633869	0.006141205	0.003811199	0.001720878	0.015528536	0.00698347	0.001532714	0.018143029	0.001567868	0	8.72425E-06	0	0
Mucilaginibacter	0.00109893	0.004772353	1.88753E-05	0	0	0	0.000879676	0	0	0	4.60603E-05	0	0.000248273	5.42116E-05	0	0.000155641	0	0.000645404	0.002454569	0	0	0	1.26635E-05	0.001129352	0	0	0.002333164	0	0.002316239	0.026944052	2.12353E-06	1.38972E-05	0	0	0.000482108	0	0.001650782	0	0	0	8.49158E-05	0.001519799	0	0	0.002157725	0	0.000968926	0	0	0	0.000845419	0	0.000226831	0	0
Mycobacteriaceae	0.001019489	0.021166329	0.000155721	0.000474148	5.56403E-06	0	0.005633203	0	0	0	0	0	0.006074122	0.000212676	0.003058809	0.001118666	0.000259732	0.007146378	0	0.000274563	0.003426918	0	0	0.001221753	0	0	0.020555274	0	0.003953119	0.001972577	0.000394977	6.94859E-06	0.000186028	8.61974E-05	0.072099727	9.19625E-06	0	0	0	0	2.42617E-06	0.001141568	0	0	0.026924656	0.001284922	0.018006585	0.001246208	0	0	0.000906904	1.81571E-05	0.002678346	1.11367E-05	0.001173934
Myxococcales	0.004197119	0.001712318	0.002128192	0	0.003638873	0.005524492	0.001540798	0.003404992	0.003656412	0.003165293	0.001811705	0	0.000894638	0.00772307	0.005345395	0.012363693	0.00521998	1.17346E-05	0.002648351	0.000633606	0.001200088	1.2622E-05	0.001696911	0.003182719	0.002689549	0.001699596	0.004656832	0.003707062	0.00513531	0.000493144	0.009812832	1.38972E-05	0.006247146	0.002217625	0.004211065	0.00154497	0.005482332	0	0.006245421	1.23057E-05	0.01025055	0.007688393	0.008276675	0	0.001712108	0.008581446	0.005041844	0.003785652	0.005747677	0	0	0.005574217	0.006255289	0.004655151	0.003521802
Neisseria	0	0	0	0	0	0	3.82468E-05	0	0	0	0	0	0	0	0	0.003219813	0	0	0	0	0	0	0	0	0	0	2.21603E-05	0.02509601	0	0	0	0.023236099	0.001444251	0	0	0	0	0.008648036	0	0	0.000312975	0	0	0	0	0	0	0	0	0	0	0	0	0	0
Nitrosomonadales	0.000781167	0	0.010721179	0.001314684	0.009019285	0.020367909	1.09276E-05	0.006276151	0.017600079	0.020583344	0.006218142	0	0.000744818	0.011813962	0.015324134	0.007091371	0.016831903	2.34692E-05	0.015179571	0.018416829	0.013104294	0.015499766	0.017083085	1.02668E-05	0.010145272	0	0.003498164	0.010987839	0	0.006338355	0.011346021	0	0.018582469	0.013924804	0	0.00117712	0	0	0.012499199	0	0.011318063	6.87692E-06	0.007388163	0	1.17268E-05	0.001835603	0	0.013637753	0.004634065	0	0.001708771	0.006917839	0.006141874	0.013575668	0.028614645
Nitrososphaera	0.018695053	0.003522296	0.04411161	0.235393004	0.026173175	0.029001496	0.008463463	0.012105035	0.01961316	0.013662619	0.056393171	0	0.015097554	0.01407834	0.027098042	0.021351932	0.033461088	0.014245817	0.032856774	0.018078905	0.017837975	0.041084479	0.012714172	0.005420889	0.018579845	0	0.009943649	0.006160657	0.004798305	0.00633352	0.017901358	0.011791765	0.00735993	0.014042346	0.007369364	0.010925143	0.002719445	0	0.022349248	0	0.02350712	0.012110251	0.004857838	1.43152E-05	0.001512753	0.010068284	0.008042941	0.012673705	0.014453013	0.003045111	0.003184411	0.011947345	0.028763861	0.021226599	0.018726507
Nitrospira	0.004077958	0.001171928	0.012415238	0.008383801	0.023491315	0.02687862	0.001158331	0.017616506	0.021461908	0.020118386	0.021095621	0	0.002919346	0.020154211	0.019596438	0.020145718	0.027829337	0.0009153	0.014608991	0.014889752	0.007187194	0.008166408	0.011840389	0.004825412	0.013017784	0	0.0030233	0.012427992	0.002589052	0.013300393	0.020734147	0.006406604	0.011090629	0.006025985	0.002381023	0.019514438	0.002432731	0	0.014098161	0.011973469	0.015391595	0.003514105	0.003679595	0	0.00159484	0.004901061	0.002692413	0.007782925	0.010561356	0.001859888	0	0.010167953	0.009561781	0.019656321	0.013805014
Nocardioidaceae	0.00325707	0.01313862	4.71883E-06	0	9.45884E-05	0	0.01603086	0	5.75166E-05	0.000679554	0	0	0.039008792	0	0.000401155	0	0	0.031214063	0	0	0	0	0	0.015420786	0.000955979	0	0.022777637	2.66695E-05	0.007317817	0.000551161	4.24706E-06	6.94859E-06	3.38232E-06	0.000258592	0.009799581	0	0.01244168	0	0.000523702	0.001082904	6.06541E-05	0.019358521	0.008347498	7.15758E-05	0.014306655	0.010793348	0.025037728	0.013426133	0	0	0.003840252	0.001398094	0.001038186	2.22735E-05	0
Nordella	0.02045599	0.005827088	0.003652373	0.001745727	0.001908461	0.007279626	0.008173881	0.000981099	0.002571814	0.00296858	0.000245655	0.004026074	0.004117904	0.00703917	0.003600369	0.004250931	0.004725856	0.001901007	0.006954612	0.003822759	0.008507291	0	0.003216533	0.003932198	0.003540325	3.54083E-05	0.00748702	0.000586729	0.01421839	0.013996596	0.001836853	0.009825312	0.022029054	0.005759556	0.008520519	0.014244988	0.002250276	0	0.00467153	0	0.014052352	0.006519317	0.000608437	0	0.006414541	0.012596828	0.004304431	0.000705401	0.003125299	0	0.002264698	0.007644122	0.002957522	0.00322965	0.015814247
Nostocoida	0.013068001	0.005755471	0.002802984	0.001918145	0.008301526	0.013163503	0.011998558	0.003563699	0.004831394	0.007743343	0.002410489	6.39059E-05	0.01264479	0.011009128	0.006679236	0.004854038	0.010294257	0.006594851	0.006061063	0.002703388	6.66716E-06	0.009264518	0.008965771	0.011334586	0.007762185	3.54083E-05	0.00833861	0.002880307	0.010158285	0.009389081	0.007398378	6.94859E-06	0.007545957	0.015249111	0.005352382	3.6785E-05	0.00891422	3.77644E-05	0.006760766	7.38343E-05	0.008358141	0.009153176	0.003776172	0	0.008408091	0.007108374	0.010992592	0.004161866	0.003113325	0.007147806	0.004293704	0.009169315	0.006455947	0.008185493	0.010508968
Ohtaekwangia	0.001363733	0.006901356	0	0	0	0	0.009392313	0	7.39499E-05	3.5766E-05	0	0	0.03088856	7.50622E-05	0	0.000145913	0	0.011394306	0	0.000612486	9.00066E-05	0	0	0.0264063	4.57406E-06	0	0.0038369	0	0.002872564	0	0.001187053	0	0	0	6.88726E-05	0	0.016994361	0	0	0	0.000104325	0.012247789	0.001738391	0	0.006895339	0.001243621	0.002726711	0.002986198	0	0.003810948	0	0.000472084	0	0	0
Ornithinicoccus	0.000450164	0.000664093	0	0	0	0	0.000218553	0	0	0	0	0	0.000740538	0	0	0.000340464	0	0.001666315	0	0	0	0	0	0.000626277	0	0	0.003124604	0.001146789	0.000641914	0	0.000348259	0	0	0	0.000718242	0.005177488	0.000278026	0	0	2.46114E-05	0.000135865	0.001719229	0	0	0.001372032	0.003538125	0.005359103	0.005784288	0	0.00295394	0.002387668	0	0	0	0
Oxalobacteraceae	0.004607563	0.012181545	0	0	0.000272637	0	0.010250134	0.000432838	8.21666E-06	0	0.000245655	0	0.010872636	0	0.001133264	0.000515559	0.001051598	0.002898449	0.002982086	0.001330574	0.004426991	0.002600124	0	0.002689911	0	0.001274697	0.011425225	0.002026883	0.01093928	0.268164149	0	0.027856915	0.002343948	0	0.005076891	0.008359389	0.011190561	0.0105929	0.000194995	0.003544048	0.000378482	0.019888044	0.034111103	0.015875515	0.004549985	0.001119718	0.005556318	0.003456465	0.007651595	0.016465483	0.040795309	0	0	0	0
Paenibacillus	0.000251562	0.001621168	0.00080692	0	0.002459299	0.001245309	0.001065446	0.000750252	0.002045948	0.000768969	0.00093656	0.015625	0.000993091	0.002877386	0.000651877	0.001342399	0.002312249	0.002088761	0.000828955	0.003231393	6.66716E-06	0.008582933	0.001772892	0.002505108	0.000681535	0.011932583	0.002323667	0.000773416	0.003642861	0.000783229	0.001594771	0.019421321	0.003953933	0.005759556	0.001957948	0.012074674	0.000434416	0.00755287	0.008376441	0	0.001606122	0.002537582	0.001271601	0.004566537	0.000598065	0.001142663	0.00118329	0.002257283	0.002610403	0	0.003443161	0.002051748	0.00863701	0.001536868	0.001546432
Pedomicrobium	0.007414469	0.003672042	0.001944157	2.15522E-05	0.002987882	0.007430066	0.003933953	0.00090896	0.006072109	0.008458663	0.00102868	0	0.004819917	0.008115062	0.003309531	0.002490248	0.004174717	0.001478561	1.07657E-05	0.002196502	0	0.002675855	0.004546203	0.003726861	0.004734155	0	0.002580094	0.005333902	0.006595664	0.00394032	0.010995638	1.38972E-05	0.009981228	0.00478004	0.002843453	0.00125069	0.001642093	0	0.004618603	0.002005833	0.00635898	0.005377749	0.01029514	1.43152E-05	0.008208736	0.00888432	0.003138291	0.003127278	0	0	0.005505471	0.007862006	0.006063356	2.22735E-05	0.012619792
Phycisphaerales	0	0	0.000575697	4.31044E-05	0.002743064	0.005273759	0	0.007358246	0.001676198	0.003737549	0.000875146	0	0	0.002489564	0.001644737	0.00149804	0.003249818	0	0.00131341	0.001837459	0	0	0.002140134	0	0.000164666	0	0.000189946	0	0.000235368	0.00076389	0	0	0.004890836	0.000948172	0.001357773	0	0	0	0.00053763	0	0.000997154	0	0.000753303	0	0.00072706	0	0.000574496	0.00230431	0.002921736	0	0	0.003576941	0.000567076	0.002015747	0.004266799
Planctomycetaceae	0.005600572	0.008281627	0.001519463	0	0.006543294	0.006828306	0.019582345	0.003203001	0.004280878	0.00350507	0.001980593	0	0.007606565	0.002856535	0.00359034	0.002743164	0.008659846	0.011863691	0.002389975	0.003273634	0.007800572	0.001893294	0.007509466	0.021036745	0.00722702	0	0.01253324	0.0043738	0.010259922	0.004075693	0.006175225	0.002661312	0.010738868	0.013877788	0.005568838	0.010722825	0.011538094	0	0.00544594	0	0.005961089	0.013712572	0.011373587	2.86303E-05	0.017003811	0.011665259	0.011395596	0.006442663	0.004861577	0.005233215	5.12375E-06	0.00635497	0.002721967	0.005490406	0.014561299
Planctomycetia	0.003972037	0.002330835	0.005068022	0.001099162	0.007522562	0.003510268	0.004453017	0.008599048	0.009761388	0.000304011	0.007323589	0.003514826	0.002302944	0.004099232	0.007030247	0.003754827	0.011098793	0.001326011	0.006222548	0.019726282	0.006123782	0.001842806	0.001848874	0.004075934	0.014906872	0	0.003172091	0.002266908	0.004102899	0.003809782	0.004952072	0.003592423	0.001870423	0.005101321	0.00157423	0.015560051	0.002198146	0	0.013911522	0	0.010342744	0.001444153	0.005337505	0	0.00279097	0.004405448	0.002632391	0.005525641	0.014464987	0.003573903	0	0.002142533	0.003201801	0.007840255	0.005576187
Polyangiaceae	0	0.000227875	0.000637042	0	0.002270122	0.004663641	0.000912459	0.000721397	0.003212713	0.005633148	0.001627464	0.003930215	0.000124136	0.003244357	0.00197569	0.002256787	0.000690507	0.001126523	0.001151925	0.001267213	3.33358E-06	0.011877264	0.001912191	0.00022587	0.000603776	7.08165E-05	0.005916804	0	0.001155445	0.001440755	0.012250644	0	0.017087484	0.004113969	0.001151156	0.00044142	0.000130325	0	0.001403966	0.004368532	0.002642094	0.002331275	0.001754488	0	0.000644972	0.004919417	0.000162917	0.002492417	1.19743E-05	0	0.00061485	0.006191557	0.007214957	0.002394396	0.003059001
Povalibacter	0.000926809	0.004147324	0.000509633	0	0.000984832	0	0.002021615	0	0.001380398	0.006044457	0.003945833	0	0.003099129	0.012635477	0.000340982	0.00299608	0.000380096	0.000962238	0	0	0	0	0.001329669	0.006796645	0.000388795	0	0.006008611	0.003707062	0.005413473	0.00029492	0.000293047	0	0.003321439	0.000634727	0.010153783	0	0.000616871	0	0.000479131	0	0.001232492	0.007867193	0	0	0.009580768	0.003281141	0.004741734	0	0	0	0.001908597	0.002396732	0.001212671	0.000634793	0.001896355
Proteobacteria	0.005627052	0.00447286	0.026203655	0.001788832	0.040255723	0.041813973	0.000721225	0.03293897	0.03367186	0.036123679	0.060968495	0	0.00568031	0.042685393	0.042301829	0.048589022	0.042241297	0.006066793	0.047767204	0.030687674	0.02913547	0.022643796	0.04006737	0.0264371	0.049203198	0	0.012052045	0.016615106	0.006001894	0.023786962	0.041168876	0.030288923	0.036633915	0.032598304	0.015476647	0.036334376	0.015074242	0.007628399	0.048863038	0.008047943	0.042137646	0.008713054	0.011016251	1.43152E-05	0.000856054	0.023293807	0.007905748	0.033859249	0.037347926	0.00694723	0.010214198	0.07722197	0.062299887	0.043778468	0.060942985
Pseudomonas	0.002952547	0.00729851	4.71883E-05	0	0	0	0.000213089	1.44279E-05	0.0002958	0	0	0.010832055	0	0.000191826	0.001002888	6.80927E-05	0.000196383	0.001701518	0.003272759	0.000359044	0.006407137	0.000921403	0	0.000318272	4.57406E-06	0.031513349	9.81385E-05	0.001600171	0.00133732	0.000352937	0	0	0.000199557	0.000415315	0.000787115	9.19625E-06	0	0.00798716	0.000342635	0.009967636	0.000429431	0.000804599	0.004761261	0	0.013098798	0.008365762	0.000154342	0.004020786	0.001712329	0	0.021760572	0	0.001003289	0	0.000191893
Rhizobium	0.00109893	0.014401698	0	0	0.000306021	0.000359385	0.000344221	0.000115423	0	0	0	0	0.000898919	0.000454544	0	0	0	1.17346E-05	0.000409095	0	5.66708E-05	0	0	0.001098551	0.000658665	0	0.001221983	0.001520162	0.0026051	0.001484268	0.000110424	6.94859E-06	0.003480408	0	0.000108228	0.001931212	0	0.000547583	7.52125E-05	0	0.004296739	0.002345029	0	0	0	0.000357943	8.57456E-06	0.001881069	0	0.005452026	0.005930742	0	8.72425E-06	0	0
Rhodanobacteraceae	0.01402129	0.000891968	0.000561541	0	0.000762271	0.002206454	0.001611828	0.000230847	0.000106817	0	0.001366456	0	7.70502E-05	0.001472054	0.001053033	0.000963026	0	0	0.004812247	0	0.001806799	0.00328171	0	0.001098551	0.008699868	0	0.000196277	2.66695E-05	0.002166459	0	0.000210229	0	0.000777934	0.002264642	0.002725385	0	0.000686378	0	0.003306563	1.23057E-05	0.004000747	0.000790845	0.00723364	0	0.001031955	0.016970153	0.000806009	2.35134E-05	0	0	0.01257881	0.001125738	0	0.00122504	0
Rhodospirillaceae	0.006342019	0.024636539	0.015534384	0.022263411	0.00402279	0.019306471	0.020707893	0.012812004	0.003639979	0.019206352	0.003224222	6.39059E-05	0.039090123	0.019220103	0.012134949	0.011206117	0.007570239	0.014715201	0.012735768	0.008321365	0.008437285	0.008153786	0.008889789	0.008583074	0.005854801	0.003894908	0.020131062	0.008134201	0.017887997	0.012908778	0.01324658	0.00598274	0.01238944	0.01160531	0.022009701	0	0.009739611	0.000585347	0.009295705	0.003925526	0.010536838	0.030175912	0.00757488	0	0.010448549	0.005575645	0.054705721	0.012814785	0.009459718	1.82342E-05	0.00054568	0.009314571	0.02783909	0.004844476	0.011965098
Rhodospirillales	0.015729266	0.027709596	0.00737081	0.015840859	0.00131311	0.00335147	0.005758871	0.007502525	0.004280878	0.010300613	0.002763618	0	0.011617454	0.014270166	0.004553113	0.002568068	0.003389186	0.004212725	0.007105331	0.008089043	0.001200088	0.003168112	0.000240607	0.013172349	0.002241291	0	0.00310561	0.001573501	0.023349613	0.002093446	0.007421737	0.005815973	0.00631141	0.00072876	0.014118874	0.004919993	0.004604812	0	0.007936309	1.23057E-05	0.001407176	0.01630517	0.001030158	0	0.025904427	0.008273982	0.006242283	0.002939171	0.001628508	0	0	0.001325465	0.001073083	0.000879801	0.001094919
Rubellimicrobium	0.004594323	0.000755243	0	0	0.001363186	8.35778E-06	0.006922665	0.000259703	0.000139683	0	0.000107474	0	0.001600931	0	0.000290838	0.000272371	0.000361091	0.001689784	0.000236844	0	0.004016961	0	1.26635E-05	0.000924015	0	3.54083E-05	0.008424085	0	0.002294842	0	0	1.38972E-05	0.000679846	0	0.001229867	0.003752069	0.005951502	0.011952417	0.000153211	0	0.000625951	0.013162419	0.00416892	0	0.008583993	0.024762289	0.012012965	0.005431588	0.003604272	1.82342E-05	0.010606165	0	0	0	1.12878E-05
Rubrobacter	0.0085796	0.001119843	0.003977973	0	0.004462348	0.000208944	0.003912098	0.001298514	0.00862749	0.003558719	0.000675551	0	0.002825173	0.00301083	0.001865372	9.72753E-06	0.00524532	0.013037152	0.003563431	0.009271775	0.002513518	0.010097568	0.005344004	0.002535908	0.007817074	0	0.00385906	0.003040324	0.001551292	0.003219942	0.002019477	0.004544381	0.00451878	0.003996427	0.001957948	0.00777083	0.009765676	0.006891994	0.00451832	0.016317389	0.002001587	0.00530898	0	0	0.001172677	0.004887294	0.005702085	0.000799454	0.004813679	0	0	0.013399909	0.002146166	0.006180883	0.001659311
Rubrobacteria	0.0194365	0.010150202	0.008517486	0.004116468	0	0	0.0016009	0	0.001388615	0.001788301	0	0	0.009301669	0.000158465	0	0.000573924	0	0.007099439	0	0.003548196	0.002863543	0	0	0.001735095	0	0	0.001994428	0	0.014277232	0	0.000486288	0	0	0	0.01554552	0	0.002363224	0	0.000298064	0	8.7342E-05	0.00347972	0	0	0.001383758	0.004745035	0.00471601	0.000846481	0	0	0.001911159	0.001107581	0	1.11367E-05	0
Salinimicrobium	0	0.003685064	0	0	0	0	0.000825037	0	0	0	0	0	4.70862E-05	0	0.00027078	0.000544742	0	0	0.004069417	0	0.000650048	0.001123354	0	0	4.57406E-06	0.001593372	0	0.00162684	0.001016363	4.83475E-06	0	0	0.000365291	0	0.000432913	0	3.47533E-05	0.003965257	0	0.005685244	5.33756E-05	0.002413798	0.000260759	0.006871278	0.000844327	0	0	0.000987561	0.001269279	0	0.0008736	0	0.000244279	0	0
Salinispora	0.0021449	0.001061246	0.001269365	0.0004957	0.007038492	0.00045132	0.001027199	0.000562689	0.001191415	1.7883E-05	0.00147393	0	0.014434066	0.000150124	0.001002888	0.00071011	0.000855215	0.000246427	0.000301438	0	0.000910067	0	0.000975091	1.02668E-05	0.00204918	3.54083E-05	0.007433202	0	0.001208938	0	0.002762713	0	0.000926756	0.004474431	0.00046243	0	0.000225896	1.88822E-05	0.000623985	0	0.000931648	0.008548008	0	0	0.000738786	0.006732075	0.001586294	0.002774577	0	1.82342E-05	0.004624186	0.012455742	0.01173412	0.005924738	0.002630064
Serratia	0.000714967	0	0	0	0	0	0	0.012913	0.008890423	0	0.012267395	0	0	0.003978299	0.011352696	0	0.014285262	0	0.006502455	0.017403058	0	0.007434334	0	0	0.00175644	0	0	0.001920205	0	0.000986289	0	0	0.000639259	0	0.00018694	0.014741585	0	0	0.003827479	0.002104279	0.003612561	0.000426369	3.21924E-06	0	0	0.000302875	0	0.011615603	0	0	0.000289492	0	0	0	0
Solirubrobacter	0.001178371	0.00227875	0	0	0.000100152	0	1.09276E-05	0	0	1.7883E-05	0.000245655	0	0.004447507	0	0	0	0.000209053	0.00600812	0	0	0	0	0	0	0	0	0.002171711	0	0.002995598	0	0	0	0	0	0.006326436	0	0.001972249	0	0	0	0	0.00392672	0	0	0	0.005102977	0.005839278	0	0	0	0	0	0	1.11367E-05	0
Solirubrobacterales	0.001456414	0.003333485	4.71883E-06	0	0	0	0.009436024	0	0.0002958	0	3.07069E-05	0	0.001472514	0	0	0	0	0.002792837	0	0	0	0	0	0.007361321	4.57406E-06	0	0.003330379	0	0.00141221	4.83475E-06	0.000140153	0	0	1.56723E-05	0.003109104	0	0.000599494	0	0	0	0	0.001574814	0	0	0.001336851	0	0.001654891	0	0	0	0.000550803	0	0	0.00067934	0
Spartobacteria	0.004210359	0.004375199	0	0	5.56403E-06	0.000117009	0.000923386	0.001053239	0.000386183	0	4.60603E-05	0	0.000667768	0.000308589	0	9.72753E-06	0.000202718	0.001619376	0.000150719	0	0	0	0	0.00123202	0	0	0.001136508	0	0.004862497	0	0.000690147	0.000305738	0	0.000250756	0.013833545	0	0.002198146	0	0.000144854	0	0.000516773	0.002489444	0	0	0.002145998	0.006057491	0.009311977	0	1.19743E-05	1.82342E-05	0.000325358	0.000254199	0.00104691	0.000155914	2.25757E-05
Sphaerobacter	0.004461921	0.009896284	0.000410538	0.000517253	0.000289329	0.001036365	0.017385888	0.000317415	5.75166E-05	0.001001449	0.000429896	0	0.029664318	0.000179315	0.000641849	0.00011673	0.000342086	0.061301603	0	0.002238743	3.33358E-06	0	0.001354996	0.00648864	0.000173814	0	0.016645562	0	0.002123665	0.000657526	0.000781459	0.000354378	0.000886168	0.003244158	0.008333579	0	0.008775207	0.001680514	8.35694E-06	1.23057E-05	0.000608968	0.004834473	0.000392748	0	0.009498681	0.002712104	0.031803059	0.003127278	0	0	5.63613E-05	0.000671811	0.000628146	0.000445469	0.001015905
Sphingobacteriales	0.002648025	0.001933682	0	0	0	0.000468036	0.000355149	0	0	0	0	0	0.000239712	0.000275228	0.000190549	0.000515559	0	5.86731E-05	0	0	0	0	0.000101308	0.001355222	0	0	0.003833734	0	0.001663626	0	0.001057518	0	0	0	0.000226296	0	0.00010426	0	0	0	0.000305697	0.00330092	0	0	0.001536206	0.003868534	0.000145768	0.000470267	0	0	0.00075063	0.00030867	0.014325223	0.000133641	0.000530528
Sphingomonadaceae	0.034848003	0.037039448	8.96577E-05	0	0	0.000267449	0.059282491	0.001413937	0.000287583	0.001090864	0.000399189	0.018117331	0.032356794	0.000129274	0.000882542	0.000515559	6.33493E-06	0.050177193	0.004080183	0	0.011747528	1.2622E-05	0	0.075666574	0.001184682	0.012286665	0.051111181	2.66695E-05	0.056809368	0.051504574	0.000724124	0.006615062	0.001488221	0.000454496	0.042760018	0	0.082539076	0.015898792	0.000718697	0.000664509	0.000429431	0.052168292	0.008656545	0	0.071146291	0.012661074	0.062860132	0.019657175	0.00160456	1.82342E-05	0.017848588	1.81571E-05	0.000270452	0	0.000361211
Sporolactobacillus	0	0.00027345	0.002184818	0.000517253	0.009425459	0	5.46382E-06	0.001572645	0.004165845	0.000393426	0.003101394	0.62908998	0.000184064	0.001626349	0.012195122	0.006838455	0.018637357	0.000445915	0.006620877	0.04198699	0.160318423	0.149431381	0	0.00058521	0.033719994	0.736916649	0.002393314	0.086835929	5.34928E-06	0.052181438	0.017162369	0.200744889	0.050887014	0.019065306	0.000531303	0.28433879	0.002458796	0.510555136	0.01061053	0.531841059	0.006565204	0.015067325	0.378611991	0.647288708	0.000257989	0.113109879	0.000960351	0.065061487	0.234086119	0.507567193	0.129920403	0	0.002294478	0.002817592	0.000327347
Staphylococcus	0	0.000208343	0	0	0	0	0.000393395	0	0	0	0	0	0.000273956	0	0	0.014299472	0	0	0.001022737	0.003780519	0.00918734	0	0	0	0	0	0	0.000613399	0	0.009142509	0.001167941	0.001764943	0.001555867	0.001324306	0	1.83925E-05	0.000356221	0.013293051	0	0	0.00084188	0	0.002568956	0	0	0.001922795	0	0.000869995	0	1.82342E-05	6.66088E-05	0	0	0	0
Stenotrophobacter	0.014339053	0.003912939	9.90954E-05	0	0	0	0.004218072	0	0	0	0	0	0.001583809	0	0	0	0.000164708	0.001255603	0	0	0.000403363	0	0	0.005041016	0	0	0.004726478	0	0.009468228	0	0	6.94859E-06	0	0	0.006680638	0	0.005916748	0	0	0	0.000133439	0.001781121	0.002610806	0	0.004034008	0.001964096	0.010795377	0.001881069	0	0	0	0	0	0	0
Streptococcus	0	0	0	0	0	0	0	0	0	0	0	0.000575153	0	0	0	0.022947248	6.33493E-06	0	0	0	0.00354026	3.78659E-05	0	1.02668E-05	0.000256148	7.08165E-05	0	0.000400043	0	9.6695E-06	0	0.01532165	0.000507348	0	9.83894E-06	0.008865183	0	0.021582326	0	1.23057E-05	0.000106751	6.87692E-06	0.001950861	5.72607E-05	0	0.004795514	0	0	0	9.1171E-05	0.001567868	0	0	0	0
Streptomyces	0.004024997	0.036570677	0.009574503	0.0004957	0.008802288	0.003819505	0.000584629	0.006853268	0.009424505	0.005955042	0.009780139	0.011407209	0.006412287	0.004791473	0.011824053	0.002684799	0.014145893	0.004846394	0.007557489	0.008469207	0.007710565	0.011082081	0.010801981	0.012628207	0.007135539	0.005205014	0.005388122	0.004987199	0.020150743	0.005163511	0.009186391	0.008546771	0.016979249	0.009850016	0.004447199	0.000331065	0.006759516	0.001793807	0.016588529	0.014077748	0.008093689	0.020589489	0.005933065	0	0.000633245	0.002101766	0.00108897	0.013426133	0.010812817	0	0.003368867	0.022024512	0.017527023	0.01316361	0.015893262
Streptosporangiaceae	0.007877873	0.005117421	0	2.15522E-05	0.001224086	0.004939448	0.007321524	0	0	0.00071532	0	0	0.030447662	0	0	0	0.000551139	0.024126358	0	0	0	0	0.000962427	0.009753493	0.000923961	0	0.001310624	0	0.001198239	0	0	0	0	0.001269453	0.000767437	0	0.0063251	0.002303625	0.00045406	0	0.001191247	0.007117609	0	0	0.00272061	1.8356E-05	0.002520922	0	0	0	0	1.81571E-05	0.002102545	0.001369817	0.001286812
Sulfuricaulis	0.000529605	0.000390643	0.000575697	0.000344835	0.001980793	0.005800299	0	0	0.000205416	0.002467855	0.000199595	0	0	0.000717261	0.001293726	0.000194551	0.000544804	0	0.00099044	0	0	0	0.00230476	0	0	0	0.000702799	0.003760401	0.001321272	0.000425458	0.008644891	0	0.001606602	0.000838466	0.000491947	9.19625E-06	9.55716E-05	1.88822E-05	0.000295279	0	0.008018478	0.000921507	0	1.43152E-05	0.002075638	4.58901E-06	0	0.000564321	0	0	0	0.001016795	0.00145695	0.000957758	0.007845041
Sulfurospirillum	0.000198602	0	0.005549342	0.007133774	0	0	0	0	0	0	0	0	0	0.000133444	0.000230664	0.000136185	0	0	0	0	0.001543447	0	0	0.000359339	0	0	5.69837E-05	0	6.95407E-05	0	2.12353E-06	0	0	0.000564201	0	0	0.000764572	0	0	0	0.000325106	0	0	0	0	0	0.00020579	0	0	0	0.119841984	0.000472084	0.000994565	0	0
Synergistaceae	0.005176888	6.51071E-06	0.020489154	0.009051919	0.023274318	0.048692425	0	0.113619968	0.026038585	0.04213237	0.047027575	0	0	0.0358589	0.038310334	0.034338187	0.024889931	0	0.060093876	0.03803751	0.013190967	0.028197458	0.011473147	0	0.023428352	0	0.007585159	0.015334969	0.001321272	0.020315612	0.037877404	0.01438359	0.034702609	0.020366104	0.004653817	0.020038624	0.000121637	1.88822E-05	0.045336409	0	0.055086092	0.000295707	0.013839527	2.86303E-05	0	0.032641617	0.002658115	0.028709822	0.022475812	0	0.001491012	0.00956877	0.002442791	0.029111401	0.024821935
Thermoleophilia	0.009599089	0.001718828	0.000613448	0	0.001446647	0.000125367	0.002387691	0.004039821	0	0.000768969	0.00102868	0	0.001832082	0	0	0.000408556	0.00091223	0.022870755	0	0	3.33358E-06	0	0.000607849	2.05337E-05	0.000233277	0	0.000598328	0	0.008965395	0.002436713	0.002168124	0	0.001156754	0.000681743	0.017631374	0.00154497	0.000755884	0	0.000593343	0	9.94728E-05	0.00339032	6.43849E-06	0	0.004854881	0.004589008	0.001740637	0.000869995	0	0	0.000596917	0.00092601	0.000488558	0.002962369	0.000225757
Thermoleophilum	0.003720475	0.029623746	4.71883E-06	0	0.000367226	0	0.028668685	0	0	0.00130546	0.000261008	0	0.012062633	0.000100083	0.000200578	0	0.000798201	0.020277406	0.000645939	0.00194306	0	0.001413659	0.000620512	0.006108767	0.000132648	0	0.007420539	0	0.008697931	0	0.000639183	0.000152869	0.002364242	0.000877647	0.008796009	0	0.003692538	0	0.000662984	0	0.000730276	0.00292269	0.003422056	0	0.032178247	0.00462572	0.00905474	0.001457829	0	0	5.12375E-06	0.000708125	0	0	1.12878E-05
Thermoplasmata	0	0	0.00177428	0	0.006632318	0.001011291	0	0.006204011	0.006031026	0.00184195	0.00750783	0	0	0.00368222	0.000942715	0.000544742	0.00433309	0	0.003940229	0.004456366	0.000700051	0.003344819	0.002583358	0	0.000905665	0	0.000544511	0.000506721	0	0	0.001318712	0	0.000307791	0.00155939	0	0	0	0	0.010019973	0.01029989	0.000494938	0	2.89732E-05	0	0	0	0	0	0.00249066	1.82342E-05	0	0.000526555	0.001666332	0.008708919	0.000575679
Thermosipho	0	0	0.011674382	0.000926744	0.020475613	0.009101622	0	0.023892656	0.023959771	0.007796992	0.012113861	0	0	0.007989958	0.024299984	0.008044669	0.020126065	0.000574996	0.016266902	0.009018332	0.011480842	0.016560011	0.056732559	0.000646811	0.029854911	0	0.006170065	0.014028163	0.000283512	0.020919956	0.051387302	0.0042039	0.025817253	0.010594449	0.014256619	0.014392128	0	0	0.024970542	1.23057E-05	0.009462046	0.001045291	0.007877488	0	0	0.004189765	0.001886404	0.004161866	0.007412108	0	2.56188E-06	0.01389015	0.008113555	0.030392124	0.018703932
Thermotogales	0	0	0.001255208	0	0	0.004747219	0	0.002120906	0.000230066	0.007814875	0.001412516	0	0	0.001321929	0.001785141	9.72753E-06	0.001938488	0	0.002734476	0	6.66716E-06	0	0.008104651	0.000513342	0.003544899	0	0.000576168	0	0	4.83475E-06	0.005839707	0.003286685	0.003987756	0.001441848	0	0.006483355	0	0	0.001309254	0	0.000773947	0	0	0	0	0	0.000291535	0.000681888	0.00116151	1.82342E-05	0	0.008152519	0.015459376	0.000768434	0.001907643
Thiobacter	0.013915369	0.017227348	0.000821076	0	0.000417302	0.001487685	0.004578685	0.001428365	0.000698416	0.00570468	0.000583431	0.012621421	0.011715907	0.001121763	0.002055921	0.001605043	0.001279655	0.012884602	0.002508397	0.001224973	0.006693824	0.002006892	0.000810465	0.012751409	0.002204698	0.006408895	0.007816259	0.003707062	0.016288562	0.001967743	0.003873319	0.003946802	0.008783887	0.000493676	0.006877417	0.012332168	0.018905793	0	0.004075402	0	0.005010032	0.017522384	0	0	0.004702433	0.014418664	0.007742832	0.001175668	0	0	0.001634477	0.005973672	0.000811355	0	0
Verrucomicrobia_SB3	0.013875649	0.008431374	0.002165942	0.001810384	0.00362218	0.003811148	0.009381386	0.001558217	0.002349964	0.000518607	0.000921206	0	0.013000077	0.002927427	0.002547336	0.003180903	0.004193722	0.0079678	0.001679442	0.001372814	3.33358E-06	0.008280006	0.00068383	0.016704141	0.005136673	0	0.003985691	0.0021869	0.009553816	0.002668781	0.000798447	0.002341676	0.002743062	0.002617268	0.003433789	9.19625E-06	0.007046231	0	0.001637961	1.23057E-05	0.001880278	0.010391021	6.43849E-06	0	0.008372911	0.00430449	0.005599191	0.002139716	0	0	0.002413287	0.00555606	0.003219249	0.003530342	0.001106207
Wolbachia	0	0	0	0	0	0	0	0	0	0	0	0	0	0	0	0	0	0	0	0	0	0	0	0	0	0	3.16576E-06	0.396255601	0	0	0	0	0	0	9.83894E-06	9.19625E-06	0	0	0	0	0	0	0	0	0	0	0	0	1.19743E-05	0	0	0	0	0	0