depth	0.15-1.5	0.15-1.5	0.15-1.5	3.05-4.60	3.05-4.60	6	0.15-1.5	0.15-1.5	3.05-4.60	3.05-4.60	6	3.05-4.60	0.15-1.5	0.15-1.5	3.05-4.60	3.05-4.60	6	0.15-1.5	0.15-1.5	3.05-4.60	3.05-4.60	6	3.05-4.60	0.15-1.5	0.15-1.5	3.05-4.60	3.05-4.60	6	0.15-1.5	0.15-1.5	3.05-4.60	3.05-4.60	6	6	0.15-1.5	0.15-1.5	0.15-1.5	0.15-1.5	3.05-4.60	3.05-4.60	6	0.15-1.5	0.15-1.5	3.05-4.60	0.15-1.5	6	0.15-1.5	0.15-1.5	3.05-4.60	3.05-4.60	6	0.15-1.5	3.05-4.60	3.05-4.60	6
Acidiferrobacterales	0.000529605	0.000390643	0.000575697	0.000344835	0.001980793	0.005800299	0	0	0.000205416	0.002467855	0.000199595	0	0	0.000717261	0.001293726	0.000194551	0.000544804	0	0.00099044	0	0	0	0.00230476	0	0	0	0.000702799	0.003760401	0.001321272	0.000425458	0.008644891	0	0.001606602	0.000838466	0.000491947	9.19625E-06	9.55716E-05	1.88822E-05	0.000295279	0	0.008018478	0.000921507	0	1.43152E-05	0.002075638	4.58901E-06	0	0.000564321	0	0	0	0.001016795	0.00145695	0.000957758	0.007845041
Acidimicrobiales	0.015808707	0.036993873	0.000264254	0.000560357	0.000333842	0.000200587	0.096971949	0	0.000164333	0.005329137	0.001182215	0	0.059315794	0.000204336	0.000521502	0.00078793	0.000354756	0.075324462	1.07657E-05	0.002344344	0.001326764	1.2622E-05	0.000696493	0.039681317	0.002277883	0	0.026693681	0	0.011960993	0	0.000838794	0.003502092	0.001637043	0.000901155	0.008569714	0	0.032224993	0	0.000253494	0	0.000553166	0.010879283	3.21924E-06	0	0.077384931	0.003533536	0.02893058	0.004114839	0	0	0.000912028	0.017249206	0.000113415	0.000857528	0.001941506
Acidimicrobiia	0.001204851	0.010417141	0.002920955	0.000754327	0.001808308	0.002724636	0.002038006	0.000519406	0.001035299	0.003469304	0	0	0.00128845	0.003290228	0.004091784	0.004678943	0.001666086	0.004775986	0.004489277	0	0	0.001880672	0.004039662	0.003726861	0.001408811	0	0.005492592	0.004213783	0.005087167	0.003229612	0.00172643	2.08458E-05	0.002178214	0.004701678	0.007940022	0	0.005734294	0	0.000643485	1.23057E-05	0.004386508	0.005542795	0.000589122	0	0.000844327	0.012147105	0.010383798	0.002398363	0	0	0.001093921	0.001488879	0.002983694	1.11367E-05	0.008296554
Acidobacteria	0.001019489	0.001263078	0.009834039	0	0.013181176	0.008784027	0.003376643	0.012970711	0.030730296	0.005972925	0.009734078	0	8.56113E-06	0.013502863	0.021762677	0.016896723	0.0144373	0.000786219	0.011939109	0.041860269	0.014727747	0.02061166	0.001899528	0.001581093	0.012029786	0	0.007303406	0.006987412	0.001984583	0.005922567	0.016865075	0.009158247	0.006845817	0.002860188	0.002676191	1.83925E-05	0.002258964	0	0.018594195	1.23057E-05	0.008848226	0.002166229	3.21924E-06	0	0.001489299	0.009898491	0.003206887	0.01159209	0.04101207	0.005670836	2.56188E-06	0.000871539	0.000584525	0.008363681	0.000553104
Acidobacteriales	0.014458214	0.01533273	0.24254779	0.326192375	0.055000389	0.047171309	0.006163193	0.072139662	0.029473148	0.048427189	0.036648652	0.005783487	0.0049997	0.056159065	0.045882141	0.0542699	0.040435843	0.006700462	0.071182499	0.048935541	0.011527512	0.032627766	0.039041625	0.005236086	0.064215274	0	0.016873496	0.018855345	0.015416629	0.028587867	0.04143007	0.032866851	0.040503289	0.054696193	0.039719787	0.036720618	0.003101732	0	0.037856946	0.021658073	0.042586487	0.007977224	0.004622833	0	0.0149399	0.027038438	0.011995816	0.04371135	0.019206821	0.003829182	0.001306557	0.037621425	0.040314771	0.054625639	0.039654141
Acidobacteriia	0	0.003945492	0.001373179	0.000538805	0.0016859	0.00097786	0.001218433	0.008498052	0.0001972	0.00642	0.00205736	0	0.000612121	0.000854876	0.001805199	0.000486377	0.001672421	0	0.000785893	0.001119371	0.001586783	0.005907077	0.001051072	0.0020431	0.000869072	0	0.001972268	0	0.002637196	0	0.000953465	0	0	0.001183256	0.000403396	0	0.000738508	0	0.000284136	0	0.000771521	0.000433246	0	0	0.002697156	0	0.003918576	0.000540807	0	0	0	0.005828416	0.001570365	0.000801844	0.000338635
Actinobacteria	0.049676941	0.073232504	0.036839895	0.014741697	0.052440938	0.043059282	0.093147272	0.034006637	0.129847828	0.030866074	0.073742554	0	0.076215467	0.024833091	0.056592988	0.015573778	0.060770961	0.104496703	0.036247955	0.051216524	0.02463514	0.034622035	0.04096648	0.084927259	0.043000768	3.54083E-05	0.075300747	0.025522722	0.040247993	0.015050571	0.025299736	0.020644274	0.036735384	0.074458915	0.041185789	0.015725584	0.089602683	0.004059668	0.055111245	0.018458585	0.05734	0.055304166	0.004120631	1.43152E-05	0.054564644	0.048381916	0.071228907	0.042935409	0.038820768	0.009664126	0.012063873	0.055052202	0.025317781	0.052197833	0.040421713
Actinomycetales	0.002317022	5.20857E-05	0.010220983	0.022823768	0.001697028	0.001696629	0.002464185	0.001356226	0.001692631	0.004864179	3.07069E-05	0	0.001763593	0.001367801	0.000421213	0.003200358	0.002217225	0	0.002422272	0.001372814	0	0.001602989	0.002013499	0	0.001930255	0.003434601	0.002443966	0	0.001219636	0	0.001815618	0	0.005668769	0.000642563	9.83894E-06	0.002299062	0.001268495	0.000453172	0.001735458	0.007297294	0.001317408	0.001340999	0	0	0.001571387	0.001211498	0.002418027	0.001881069	0.003316889	0	0.000976075	0.004103495	0.001893163	0.002761908	0.001997946
Alphaproteobacteria	0.018655333	0.032807485	0.015119127	0.015733098	0.016280338	0.037777165	0.020647791	0.008844323	0.004231578	0.021549026	0.003086041	0.00603911	0.023975447	0.054737053	0.012345555	0.035203938	0.016236419	0.025511042	0.016923607	0.014361747	0.010760789	0.006475065	0.034242152	0.022936109	0.011796509	0.006125628	0.016579081	0.007227438	0.025767488	0.0165155	0.022180271	0.005565824	0.032960714	0.018783206	0.03534146	0.016369321	0.018184662	0	0.010632815	7.38343E-05	0.020898991	0.017405477	0.006003889	1.43152E-05	0.024192319	0.021816146	0.027893058	0.017682052	0.013626784	0.008697713	0.024968041	0.020099864	0.029252419	0.021059548	0.036245217
Alteromonadales	0.003111429	0.001627678	0.002600075	0	0.004584757	0.005582997	0.001721105	0.000447266	0.002859397	0.004184624	0.003638764	0	0.001832082	0.007160104	0.011051829	0.023433624	0.003718603	0.005925978	0.003369649	0.008574808	0.001623452	0.016206596	0.002368078	0.003562592	0.003586066	0	0.001848803	0.006160657	0.008179051	0.008494653	0.010108003	0.00682352	0.003274086	0.003761343	0.008412291	0.004423395	0.001372755	0	0.003646412	0	0.007300333	0.004882611	0	0	0.018153034	0.001734645	0.007159761	0.003856192	0	0	0	0.001289151	0.008828944	0.001302997	0.005519748
Anaerolineae	0.002277301	1.95321E-05	0.001845062	0	0.004645961	0.010489014	0.000234944	0.003520416	0.004453428	0.002360557	0.001535344	0	0.001463953	0.014028298	0.002968549	0.002003872	0.004922239	0.001431622	0.00403712	0.005977021	4.00029E-05	0.007951835	0.010181468	0.003172452	0.003531177	0	0.001329619	0.002453595	0.006927319	0.004670367	0.010175956	0.005148908	0.009551673	0.009959722	0.000885504	1.83925E-05	0.001372755	0	0.00432611	0	0.001625531	0.00118283	9.33581E-05	0	0.000246262	4.58901E-06	0.001732062	0.007453737	0.002885813	0	0.000399653	0.022242397	0.028371269	0.003786487	0.006422774
Anaerolineales	0.000834128	0.002356878	0.019795486	0.000409492	0.030808008	0.02239885	0.003250975	0.006160727	0.021215408	0.015182675	0.027405883	0	0.003629919	0.063394231	0.024089377	0.007538837	0.031389566	0.0009153	0.029885453	0.019789643	0.018708039	0.007699395	0.033735611	0.005923964	0.022701076	0	0.006201722	0.004693834	0.000930775	0.002639773	0.016754652	0.018990508	0.013536047	0.036908176	0.001751331	0.015964686	0.00575167	0	0.02425463	0.003359462	0.027270103	0.002984582	7.08234E-05	0	0.00036353	0.003744631	0.00127761	0.019351501	0	0.002990409	0.001503821	0.023477077	0.053165595	0.032419008	0.026797304
Archaea	1.32401E-05	0	0.00857883	0	0.03618842	0.006577573	0	0.00292887	0.013450667	0.008887856	0.0040226	0	0	0.009186784	0.011904284	0.024717658	0.014107884	0	0.010033589	0.009947622	0.00677383	0	0.02357947	0	0.008658702	0	0.001044701	0	0	0.001701831	0.003569654	0.014050058	0.001833218	0.001496701	0	0.008037521	0	0	0.007008688	0.003248711	0.00497364	0	0.017915089	0	0	0.002927787	0.000574496	0.003926732	0.010513459	0	0	0.032228779	0.017640439	0.038187832	0.014753192
Ardenticatenales	1.32401E-05	0	0	0	0	3.34311E-05	0	0.036921079	0	0	1.53534E-05	0	4.28057E-06	0.003824004	0.001133264	0.002879349	0	0	0.003617259	0.002259863	0	0.002625368	0	0	0.004070916	0	0	2.66695E-05	0	0	0.001989748	0	0.001305576	0.000705252	0	0	0	0.00641994	0.000626771	0	0.001419307	0.000158169	0.004078781	0	1.17268E-05	0	0	0.000940535	0	0	0	0	0.001247568	2.22735E-05	1.12878E-05
Bacillales	0.009268086	0.011426302	0.01284937	0.003857842	0.024348174	0.019958378	0.004764455	0.008368201	0.014789982	0.012053148	0.009949027	0.696894172	0.008085988	0.007614647	0.021060655	0.042295308	0.042710082	0.009786665	0.010884075	0.061121906	0.192007414	0.169790602	0.012866134	0.012063531	0.040713737	0.770554493	0.030293149	0.09331662	0.027302732	0.073367305	0.045847012	0.252616146	0.071969018	0.054139828	0.015407775	0.318043038	0.008106206	0.574018127	0.049548307	0.57957496	0.016645923	0.030732942	0.443759819	0.735799359	0.002368807	0.131089614	0.006079366	0.082484893	0.261423508	0.559735239	0.159543371	0.013744893	0.028022299	0.012450859	0.017642876
Bacteria	0.085809236	0.021153308	0.089218892	0.016573633	0.100124634	0.105316384	0.037481833	0.12477276	0.137555052	0.140471038	0.156451514	0.033966002	0.025888859	0.117847715	0.156560895	0.096069104	0.117443223	0.049121078	0.146143743	0.132128073	0.099650641	0.151021748	0.097585067	0.045831152	0.145235656	0.004248991	0.055049386	0.079608492	0.037461017	0.09565066	0.162995791	0.114888058	0.144533324	0.117189337	0.032635753	0.073340077	0.028115416	0.019882931	0.157921127	0.027490986	0.1422558	0.028724882	0.047612609	7.15758E-05	0.034980944	0.076205074	0.024831939	0.157116321	0.123072133	0.027424237	0.006658315	0.09005901	0.077305602	0.114184847	0.086577643
Betaproteobacteria	0.060163118	0.025528507	0.007748317	0.003362141	0.009369819	0.02450501	0.016637344	0.009666715	0.01956386	0.041864125	0.006126021	0.005144427	0.015320143	0.015120871	0.013869945	0.04662406	0.013176649	0.009364219	0.006502455	0.00394948	0.007130523	6.31098E-05	0.019590462	0.036755269	0.018442623	0	0.009351653	0.001973544	0.046009169	0.005835541	0.015639798	0.002049835	0.006943904	0.019707869	0.010321045	1.83925E-05	0.046456467	0	0.008863929	0.00195661	0.013892225	0.031324357	0.006238894	0	0.030255057	0.010196777	0.010195157	0.010228315	0.013878245	0	0.003686539	0.033481616	0.038465229	0.00812981	0.018320145
Blastocatellales	0.067577587	0.01223363	0.000188753	0	0.000500762	0.006778159	0.004218072	0.003924398	0.004231578	0.003916379	0.000184241	0	0.002850857	0.000604668	0.001373957	0.003686735	0.002128536	0.002511207	0.000979674	0	0.000403363	0.003130246	0.000620512	0.005985565	0.002213847	0	0.004916424	0.002666951	0.044441829	0.001682492	0.004743966	0.004613867	0.00103499	0.000658235	0.030146502	0.008911164	0.006246905	0	0.000245137	0	0.002307284	0.002173106	0.002610806	1.43152E-05	0.02857813	0.001964096	0.014002264	0.002680524	0.003604272	0	0	0.002505674	0.013269588	0.001102536	0.001049768
Burkholderiales	0.024454507	0.035646156	0.001627996	0.00187504	0.000695503	0.001487685	0.023106512	0.001861203	0.001856964	0.00588351	0.001335749	0.012621421	0.026856267	0.001125934	0.003359676	0.002237332	0.003154794	0.02527635	0.005748859	0.006378305	0.024041763	0.008065432	0.000835792	0.026077761	0.002305328	0.012853197	0.030122198	0.007707489	0.038792988	0.272467075	0.004085672	0.034478925	0.01173327	0.000493676	0.015289707	0.025482803	0.038932379	0.04695997	0.005011379	0.025928159	0.005458873	0.048124665	0.050880141	0.020012597	0.020369393	0.021393957	0.02451468	0.006160502	0.008621515	0.021771635	0.071314934	0.005973672	0.001003289	1.11367E-05	1.12878E-05
Caldilineales	0.010883381	0.01451238	0.000335037	0.000129313	0.00219779	0.003042232	0.022172198	0.000288559	0.001166765	0.00089415	0.001412516	3.1953E-05	0.016150573	0.004215996	0.002757943	0.001682863	0.002571981	0.016252435	0.003445009	0.005491256	0.005960437	0.000391281	0.002672002	0.015153849	0.001079479	0	0.01338483	0.004267122	0.005798621	0.001740509	0.001539559	0.002195756	0.004745396	0.005877098	0.005578677	0	0.015152437	0	0.002813504	0	0.004735875	0.004414981	6.43849E-06	0	0.019736148	0.008645692	0.01091542	0.001058102	0	0	2.56188E-06	0.000780754	0.001099256	0.002015747	0.001535145
Campylobacterales	0.000198602	0	0.005549342	0.007133774	0	0	0	0	0	0	0	0	0	0.000133444	0.000230664	0.000136185	0	0	0	0	0.001543447	0	0	0.000359339	0	0	0.000120299	0	6.95407E-05	0	2.12353E-06	0	0	0.000564201	0	0	0.000764572	0	0	0	0.000325106	0	0	0	0	0	0.00020579	0	0	0	0.119841984	0.000472084	0.000994565	0	0
Cand_Bacteria.NC10	0	0	0.028407348	0.002887993	0.061755116	0.074183654	1.09276E-05	0.081113836	0.029078748	0.057636939	0.057345084	0	0	0.042835518	0.069871229	0.064230893	0.03810459	0	0.065121437	0.050181634	0.024778484	0.04309137	0.128800638	0	0.07246231	0	0.009161707	0.015041604	5.34928E-06	0.013445435	0.027790637	0.021492002	0.030589708	0.076175028	0.028660822	0.031147692	0	0.000302115	0.0350323	0	0.051827752	0.000336969	0.010568776	0	0	0.02550112	0.003206887	0.046062687	0.022152505	0	0	0.057485247	0.044022578	0.061964741	0.087198474
Cand_Brocadiales	0.000225082	3.90643E-05	0.004454574	0	0.009636892	0.003217745	0.000147523	0.004414947	0.010648787	0.001931365	0.010977707	0	0	0.010675518	0.010119143	0.005427963	0.011618257	1.17346E-05	0.012175954	0.01072907	0.003413584	0.006298358	0.007522129	0.000297738	0.0063488	0	0.002051412	0.0043738	0.000780995	0.0072908	0.005111337	0.002452854	0.008401684	0.006315921	0.001426646	0.002161118	0.000251961	0	0.011596649	1.23057E-05	0.010056457	0.001340999	9.65773E-06	0	0.000973322	0.005341606	0.001260461	0.008112112	0.013411246	0	0.001140035	0.007444394	0.013182346	0.009766908	0.008093373
Caulobacterales	0.001138651	0.00684927	0.000405819	0	0.000339406	0.000718769	0.003655298	0	9.03832E-05	0.001108747	0	0	0.001750751	0.000871556	0.00619785	0	0	0.001595907	0.001216519	0	0	0	0	0.00081108	0	3.54083E-05	0.002728884	0	0.002631846	0.001624475	0.000590341	0	0	0.000297773	0.002902486	0	0.002997472	0	0.000292493	0	0.000623525	0.003761674	6.76041E-05	0	0.003447669	0.003680385	0.002237961	0	0	0	0.002139166	0	0	0	0
Chitinophagales	0.00542845	0.002168068	0	0	0	0.000142082	0.007119363	0.002871159	0.052085387	0.000268245	0	0	0.001609493	0.000546286	0.001664795	0.000136185	0	0.001466826	8.61252E-05	0	0.002790205	0.00070683	0	0.001611893	0	0	0.004058503	0.00106678	0.011998438	0	0	6.94859E-06	0	0	0.000895343	0	0.007836868	0	0.000189424	0	0.000332385	0.014173326	0	0.002791457	0.008654354	0.003409633	0.006070792	0.002398363	0	0	0.014738471	0	0.003175628	0	7.90148E-05
Chloroflexi	0.016828196	0.051304421	0.006573328	0.00275868	0.00747805	0.003242819	0.072931123	0.008656759	0.004239795	0.00017883	0.007799546	0	0.082499337	0.007752261	0.015564827	0.007470744	0.005650755	0.07417447	0.00733141	0.010010983	0.011594184	0.010514092	0.007104233	0.034116693	0.008782201	0	0.038733063	0.00165351	0.017738217	0.008344776	0.008952802	0.010137999	0.012588997	0.002444873	0.011875596	3.6785E-05	0.04535305	0	0.009641125	0.004454672	0.022192138	0.026483007	0.00106235	2.86303E-05	0.0258927	0.013473329	0.036690561	0.001645936	0.005747677	0.002315743	0.003051194	0.009332728	0.011926053	0.011983117	0.006783985
Chromatiales	0	0.01734454	0.001679903	2.15522E-05	0.001146189	0.001964078	0.000453497	0.001716924	0.002243147	0.000429192	1.53534E-05	0	6.8489E-05	0.001914087	0.009397064	0.008414315	0.00260999	0.000187754	0.000635174	0.004540846	0.00309356	0.002082623	0.000278597	0.00120122	0.001925681	0	0.002953653	0	5.34928E-06	0.001566458	0.001488595	0.001931709	0.001681013	0.000266428	0.021655499	0.003117528	0.002033068	0	0.002353872	1.23057E-05	0.002321841	0.000845861	0.001393932	0	0.009475227	4.58901E-06	0.002538071	0.003150791	0.005268704	0.001969294	0	1.81571E-05	0.000401316	0.001859833	0.003036426
Chroococcales	0.006540621	0.006367478	4.71883E-06	0	0	0	0.012113298	0	3.28666E-05	1.7883E-05	0	0	0.019874665	0	0	0	0	0.007263724	0	0	3.33358E-06	0	0	0.00752559	0	0	0.008610865	0	0.00491064	4.83475E-06	0	0	0	0	0.003069748	0	0.005881995	0	0	0	0.000157701	0.009600176	0.003164516	0	0.00743477	0.000977459	0.014285224	0.005243481	0	1.82342E-05	0	0	0	0	0
Clostridia	1.32401E-05	0	0.005459685	0.000581909	0.00798994	0.003284607	0	0.019968259	0.002374614	0.001108747	0.005849659	0	8.56113E-06	0.005617158	0.002346759	0.001070029	0.004219062	0	0.015890104	0.009884261	0.003473588	0.010261653	0.003520458	0	0.008494035	3.54083E-05	0.001041535	0.0021869	5.34928E-06	0.000236903	0.00366946	6.94859E-06	0.001481456	0.002805335	0.019648356	0.01536693	0.001042599	0.001132931	0.007677244	0.012527226	0.005953811	0.000949015	0.001905792	1.43152E-05	0.00036353	0.009962737	2.57237E-05	0.010557502	0.000550819	0	0	0.000526555	0.000628146	0.006849086	0.007043605
Clostridiales	0.000397204	0.0009115	0.017351133	0.041531067	0.006298477	0.011140921	0.000469889	0.006795556	0.003697496	0.010497326	0.004882393	0.003003579	0.003540028	0.01072139	0.004081755	0.007247011	0.007836305	0.004036706	0.002992852	0.009377376	0.005303722	0.006878968	0.003229197	0.003449657	0.005337932	0	0.004565025	0.009334329	0.007061051	0.004776731	0.004835278	0.003154662	0.010796367	0.011895247	0.004447199	0.004919993	0.002841082	0.015993202	0.008980927	0.000750649	0.003792097	0.00660184	0.001561333	0.002032753	0	0.006589816	0.005393401	0.008065085	0.007507903	0.012618066	0.014659053	0.014616432	0.022290465	0.002695088	0.00634376
Corynebacteriales	0.00103273	0.021739272	0.000155721	0.000474148	0.000573095	0	0.00961633	2.88559E-05	0	0	0	0.020354039	0.009982278	0.000391992	0.003389763	0.022752697	0.0003991	0.012274402	0.000462923	0.001731858	0.018698038	0	0	0.001221753	0.000365925	0.0115785	0.02399962	0.00381374	0.004365014	0.004694541	0.001664848	0.012889642	0.000186028	8.61974E-05	0.077225813	0.012148244	0.000390975	0	0.000250708	0.011001317	0.004456866	0.003431582	0	0	0.027241278	0.003873123	0.018023734	0.001246208	0.001844046	3.64684E-05	0.061654101	1.81571E-05	0.002678346	1.11367E-05	0.001173934
Cytophagales	0.009201885	0.010827316	0.000467164	0	0.00165808	0.000108651	0.017243829	0.000504978	0.000714849	0.000965683	1.53534E-05	0	0.036303475	0.000809004	0.000772224	0.000145913	0.000266067	0.013307048	0	0.000633606	0.00540373	0	0	0.041293211	4.57406E-06	0	0.009206028	2.66695E-05	0.01734237	0.023927169	0.001431259	6.94859E-06	0	0.000274265	0.001269223	0	0.022511447	0	0.000183853	1.23057E-05	0.000975319	0.029570743	0.001738391	0	0.016206391	0.002046698	0.007991494	0.004397	2.39487E-05	0.003810948	0.008853842	0.00092601	0.000113415	0.002104841	0.00015803
Dehalococcoidia	0.000397204	0	0	0	0.001168445	0.001470969	1.09276E-05	0	0.000977782	0.000983566	0.001090094	0	4.28057E-06	0.00066305	0.000822368	0.003375454	0.005701435	0.0003051	0.000333735	0.0019853	0.001846802	0.004203113	0.005419986	8.21347E-05	0.000402518	0	5.38179E-05	0	0.00014978	0	0.001378171	0.000264047	0.002902031	0.003393045	0	0	0.000182455	0	0.003646412	0	0.001945785	0	0	0	0	4.58901E-06	0	0.002633497	0.005580036	0	0	0.000798911	0.005295621	0	0.003781422
Deltaproteobacteria	0.007824913	0.006803695	0.018441182	0.006422552	0.040545052	0.039991977	0.003272831	0.041913144	0.027164267	0.021388079	0.035128662	3.1953E-05	0.005316462	0.052885518	0.039523829	0.058190095	0.03545659	0.005292309	0.024179657	0.025048576	0.013397649	0.019980562	0.036356959	0.00243324	0.0280756	0	0.008367101	0.01581502	0.007237578	0.040843954	0.048966478	0.039787651	0.030224417	0.028868306	0.008333579	0.021188155	0.002067821	0.006778701	0.029561288	0.001390547	0.030504181	0.006526194	0.00893662	1.43152E-05	0.012371738	0.023270862	0.006207985	0.031484399	0.020440176	0.006126691	4.099E-05	0.057376305	0.034617834	0.033187442	0.035782416
Desulfobacterales	5.29605E-05	0.000286471	0.003175772	0	0.005230184	0.00305059	0.00018577	0.001428365	0.002128114	0.002271142	0.003669471	0	1.28417E-05	0.00870722	0.004192073	0.005369598	0.002134871	1.17346E-05	0.003563431	0.001731858	0	1.2622E-05	0.002140134	0.000431207	0.001408811	0	0.000386223	2.66695E-05	0.000197923	9.18602E-05	0.002503642	0	0.002242479	0.004035607	3.93557E-05	0.001885231	0.000191143	0	0.004005761	0	0.003386927	0.000508892	0.003009993	0	8.20874E-05	0	0.00048875	0	0.005376473	0.001951059	0.001014503	0.002233318	0.002006578	0.00319624	0.005350431
Desulfuromonadales	0.004077958	0.031134231	0.007172619	0	0.007611587	0.011324792	0.001294926	0.0077478	0.006335042	0.012053148	0.01340355	0	0.00128845	0.009211805	0.012506017	0.0085505	0.011459884	1.17346E-05	0.008483335	0.022260708	0.016201188	0.011738423	0.008053997	0.002597509	0.012793655	0	0.002662403	0.013068061	0.001829454	0.006846004	0.014830733	0.001799686	0.008002571	0.006472644	0.002321989	0	0.000295403	1.88822E-05	0.013429605	0.011333571	0.015294549	0.001898029	0.00863723	0	0.00591029	0.001615331	0.000797434	0.007312657	0.015913881	1.82342E-05	2.56188E-06	0.005483432	0.006159322	0.008218903	0.006242169
Enterobacterales	0.002767186	0.00246756	0.001349585	2.15522E-05	0.001179573	0.000885925	0.001661003	0.01374982	0.010048971	0.005275488	0.014063747	0.017126789	0.001883449	0.004778963	0.0114931	9.72753E-06	0.016825568	0.004001502	0.009570666	0.021901664	0.006543813	0.011220922	0.000886446	0.015626123	0.003686695	0.002478578	0.001589211	0.003893749	0.005429521	0.001237696	0.002229706	0.004030185	0.003290998	7.83613E-06	0.00129874	0.021041015	0.007237374	0.009780967	0.006075497	0.030628946	0.004857184	0.004717565	0.01114824	0.012940907	0.000422164	0.005254415	0.002117917	0.016882598	5.98716E-05	0.005798476	0.006284281	0.000671811	0.000174485	0.000668204	0.004966644
Firmicutes	0.00321735	0.004694224	0.004515919	2.15522E-05	0.005380412	0.008148835	0.006447312	0.004833357	0.008997239	0.006849193	0.006571271	0.005655675	0.005384951	0.006851514	0.008905648	0.005311232	0.00572044	0.003403037	0.002809836	0.008659289	0.029062131	0.0042536	0.008889789	0.001498958	0.006883965	0	0.004726478	0.002080222	0.00528509	0.004269083	0.01130355	2.77944E-05	0.006446703	0.008431677	0.002971359	0.002179511	0.004031382	0	0.01097545	0	0.017820187	0.003266536	0.002218059	0	0.005652301	0.007525974	0.004655988	0.005784288	0.002323019	0	0.007531915	0.010748979	0.002730691	0.005345628	0.01325191
Flavobacteriales	0	0.003685064	0	0	0	0	0.000972561	0	0.000213633	0	0	0	4.70862E-05	0	0.00027078	0.000544742	0.000361091	0	0.004069417	0	0.000650048	0.001123354	0	0	4.57406E-06	0.001593372	0.000161454	0.00162684	0.001235684	4.83475E-06	0	0	0.000365291	0	0.000432913	0	3.47533E-05	0.003965257	0.000153211	0.005685244	5.33756E-05	0.002668244	0.000260759	0.006871278	0.001313398	0	0	0.000987561	0.001269279	0	0.0008736	0	0.000244279	0	0
Gaiellales	0.006778943	0.016263762	0.000259536	0	0.001468903	0.000852494	0.012140617	0.000389554	8.21666E-06	0.001412758	0.000875146	3.1953E-05	0.004648694	0.000279398	0.000310895	0.000564197	0.000829876	0.009704523	0.000236844	0	0.002190161	0.001035001	0.000607849	0.013121015	0.000393369	0	0.004169305	0	0.007670869	0.000106364	0.001688206	0.003773087	0.000470143	0.001520209	0.00027549	0	0.014857034	0	0.000373277	0	0.002011291	0.010948052	0.007610291	0	0.006719437	0.00490565	0.004501646	0.001316749	0	0	0	0.002142533	0	0.000968895	0.00233658
Gammaproteobacteria	0.043215761	0.020612919	0.011966949	0.003922498	0.016803356	0.020125534	0.009714679	0.007401529	0.015250115	0.037089361	0.012804766	0	0.011163715	0.02815668	0.0197569	0.037810916	0.029375059	0.0079678	0.011196279	0.016938413	0.027121989	0.014022997	0.011929034	0.0121662	0.010726178	3.54083E-05	0.012343295	0.01146789	0.03029298	0.018884527	0.03141975	0.009005378	0.030511914	0.010375037	0.08947529	0.006510944	0.013180187	0	0.01203121	0.001378241	0.026551958	0.026152915	0.014048778	0	0.041970097	0.016309336	0.044982165	0.011686144	0.005268704	0.00694723	0.003530265	0.029922833	0.06542317	0.017295335	0.02500254
Gemmatimonadales	0.023911662	0.028575521	0.031403804	0.023750512	0.02696883	0.030589474	0.01358853	0.010315972	0.011626569	0.030705127	0.022661672	3.1953E-05	0.019159811	0.010504543	0.015524711	0.009289793	0.016768553	0.041892558	0.011357764	0.008152403	0.003100227	0.006411956	0.042916661	0.047319843	0.012747914	0	0.023749525	0.008294218	0.022943068	0.004351273	0.021555953	0.013501119	0.022157582	0.019903772	0.022846011	0.01669119	0.077239198	0.002851208	0.013488104	0.011013622	0.016541598	0.027500791	0.01710384	0.000100206	0.031814717	0.00111054	0.035198587	0.009734534	0.010908612	0	0.004485844	0.054434862	0.032096525	0.028866393	0.028332449
Geodermatophilales	0.007970554	0.00931032	0	0	0.000478506	8.35778E-06	0.021549322	0.000447266	0	3.5766E-05	0	0	0.01930535	4.17012E-06	0.0004513	0.000165368	0.000310411	0.020218733	0	0	0	0	0	0.003151918	0.000343055	0	0.031825377	0	0.0066973	0	0.000295171	6.94859E-06	0	0	0.01054734	0	0.004517928	0.000944109	0.000331492	0.0004307	0.000126161	0.013444373	0	0	0.008748168	0.001376703	0.027001303	0.010016694	0	1.82342E-05	0.014510464	0.002051748	0.000724113	0.000467742	0
Holophagales	0.01512022	0.004726778	0.001887531	0.004159572	0.001708156	0.001821996	0.004354668	0.001197518	0.00036975	0.004148858	0.00098262	0	0.000860394	0.001926597	0.001474246	0.000359919	0.002350258	0.008460654	0	0.00092929	0.00540373	0	0.000506541	0.022874508	0.001985143	0	0.00612891	0.002080222	0.011008821	0.000135373	0.000819683	0.001667663	0.000270586	0.002319495	0.004309454	0.003788854	0.014552942	0	0.003289849	1.23057E-05	0.001989456	0.008871223	0.000450694	0	0.007024333	0.003092992	0.006533818	0.002986198	0	0	0.000799305	0.001688606	0.002887728	0.001002305	0.001964082
Hydrogenophilales	0.001575575	0.000553411	0	0	0	0	0	0	0	0	0	0	0	0	0	0.000223733	0.000285072	0	0	0.000739208	0.001070078	0	0	0	0	0.00527583	0	0	0.001166143	0	0	0.003793932	0.001197341	0.000462332	9.83894E-06	0	0	0.001831571	6.96412E-05	0	0	0.000529523	0	0.050375057	0.000375257	0	0	0.001598909	0	0	0	0	0	0	0
Ktedonobacterales	0	0	0.041303907	0.106597125	0.00053971	0	0	1.44279E-05	6.57333E-05	0	1.53534E-05	0	0.001044458	0	0	0	0.000487789	0	9.68909E-05	0	0	0	0	0	0.000402518	0	0	0	0	0	0	0	0	0	0	0	0	0	0.000275779	0	8.24896E-05	0	0	0	0	0	0	0	0	0	0	0	0.000226831	0	0
Lactobacillales	0.000463404	3.25536E-05	0.001354304	0	0.000216997	0.000626833	0.000469889	0.000302987	0	0	0	0.000575153	0.001014494	0	0.000340982	0.027451095	0.001165627	0.00073928	0.000215313	2.11202E-05	0.006770497	3.78659E-05	0.000265934	1.02668E-05	0.000599202	7.08165E-05	0.000607826	0.000400043	0.00022467	1.45042E-05	0	0.033499173	0.000673082	0	9.83894E-06	0.008874379	0	0.024603474	0.000465203	0.013327098	0.000419727	7.56461E-05	0.001950861	5.72607E-05	0.001536206	0.006869746	0.000171491	0.000964048	0.009866845	9.1171E-05	0.009858098	0.000435769	8.72425E-06	0	0.00051924
Legionellales	0.000238322	0.000319025	0.000580416	0	0.001452211	0.00045132	0.000508136	0.000245275	0.001043515	0.000107298	0.001888473	0	0.001468234	0.000517095	0.001283697	0.001332672	0.001184631	0.000340304	0.001883989	0.001056011	0.0040903	0.006285736	0.000341915	0.00039014	0.00173357	0	0.000256426	0.002026883	0.000385148	0.00076389	0.001639365	0.007087566	0.002364242	0	9.83894E-06	0.000156336	0.000243273	0.009667674	0.002231303	0.006694314	0.001693464	0.000144415	0	0	0.011703313	0	1.71491E-05	0.002704037	0.00293371	0.002935706	0.0226726	0	0.000331522	0.000824118	0.000869163
Longimicrobiales	0.026255164	0.0029168	0	0	1.11281E-05	0	0.021128607	0.000317415	0	0	0	0	0.015893739	0	0	7.78203E-05	0	0.002065291	0	0	0.000693384	0	0	0.012956746	4.57406E-06	0	0.020751551	0	0.04882824	0	2.12353E-06	6.94859E-06	0	0	0.001780848	0	0.049193289	0.002870091	7.24268E-05	0	0	0.014214587	0.000292951	0	0.008736441	0	0.005659213	0.002562957	0	0	0	0	0	2.22735E-05	0
Methanomassiliicoccales	2.64802E-05	0	0.021074289	0.007047566	0.064642845	0.012402945	0	0.012927427	0.038462171	0.038126576	0.097739974	6.39059E-05	0	0.020258464	0.021170972	0.003521367	0.03586836	1.17346E-05	0.030402205	0.035904368	0.013404316	0.024499224	0.057669659	0.0020431	0.070248463	7.08165E-05	0.006021274	0.006454022	6.95407E-05	0.00326829	0.007570384	0.004829273	0.002922325	0.092756281	0	0.005223469	0.000338845	0.001623867	0.037670308	0.00765416	0.025542673	0.001045291	0.016089778	0	1.17268E-05	0.007369948	0	0.021044464	0.011339688	0.008843587	0	0.013817522	0.00449299	0.053511966	0.017428407
Micrococcales	0.015702786	0.014974641	0.0004011	2.15522E-05	0.000244817	0.00015044	0.021177782	0.000793536	0.000624466	0.000339777	0.000414543	0.005847393	0.012503531	0	0.001745026	0.006566084	0.000430775	0.014374897	0.001431832	0.000823688	0.006393802	0.002600124	0.000278597	0.027289248	0.001358497	0.009489413	0.054102824	0.001200128	0.029544081	0.007179601	0.000910994	0.006489987	0.002056451	0.003181469	0.017503468	0.009922752	0.006863776	0.005022659	0.00072984	0.000110752	0.001601269	0.055097859	0.007471864	0.008904031	0.008419818	0.010091229	0.029710866	0.013520186	0.006693649	0.013620947	0.042194093	0.000490241	0.000279176	0.00057911	0.000372498
Micromonosporales	0.0021449	0.001061246	0.001269365	0.0004957	0.007038492	0.00045132	0.001027199	0.000562689	0.001191415	1.7883E-05	0.00147393	0	0.014434066	0.000150124	0.001002888	0.00071011	0.000855215	0.000246427	0.000301438	0	0.000910067	0	0.000975091	1.02668E-05	0.00204918	3.54083E-05	0.007433202	0	0.001208938	0	0.002762713	0	0.000926756	0.004474431	0.00046243	0	0.000225896	1.88822E-05	0.000623985	0	0.000931648	0.008548008	0	0	0.000738786	0.006732075	0.001586294	0.002774577	0	1.82342E-05	0.004624186	0.012455742	0.01173412	0.005924738	0.002630064
Micropepsales	0.000291283	0.000807328	0.000542665	0	0	0.00380279	9.2885E-05	0.001587073	0	0.001019332	0	0.015337423	5.99279E-05	0.001271888	0.000431242	0.001974689	0.001621741	0	0.000678236	0.001710738	0.003076892	0.00496043	0.007509466	0.000708412	0.000182963	0	0.000132962	0	1.06986E-05	0	0.001550177	0	0.002256008	0.000250756	0.000403396	0	0.001025222	0	0.001456894	0	0.003275324	0	0	0	0	0	0	0.000329187	0	0	0	0.003558783	0.004772166	0	0.001501281
Myxococcales	0.006050736	0.005846621	0.004322447	0	0.009547867	0.012269221	0.004534974	0.005251767	0.007452508	0.017435934	0.00549653	0.003930215	0.002311505	0.014274336	0.009497352	0.015184677	0.008640841	0.003567321	0.00609336	0.006103743	0.001790131	0.012887021	0.005432649	0.009240152	0.007236168	0.001770413	0.01307142	0.004720504	0.010687864	0.00365507	0.024475807	0.003773087	0.027538854	0.007640228	0.00601159	0.00198639	0.009826494	0	0.009760908	0.004380838	0.016784214	0.022343103	0.01004082	0	0.004702433	0.019879584	0.008840376	0.008088598	0.010214101	0	0.001900912	0.017303677	0.018477967	0.009288029	0.010644422
Neisseriales	0	1.30214E-05	0	0	0	0	3.82468E-05	0.000577117	0.001191415	0	0	0	0	0	0	0.003219813	0	0	0	0	0	0	0	0	0	0	2.21603E-05	0.02509601	0	0	0	0.023236099	0.001444251	0	0.001515196	0	0	0.008648036	0	0	0.000312975	0	0	0	0	0	0.000248662	0	0	0	0	0	0	0	0
Nevskiales	0.000926809	0.004147324	0.000509633	0	0.000984832	0	0.002021615	0	0.001405048	0.006044457	0.003945833	0	0.003099129	0.012639647	0.000340982	0.00299608	0.001640746	0.000962238	0	0	0	0	0.001329669	0.007001981	0.000617499	0	0.006008611	0.00546725	0.005723731	0.00029492	0.000414088	0	0.0037307	0.000634727	0.010153783	0	0.000616871	0	0.000481917	0	0.001232492	0.007929085	0	0	0.009580768	0.003281141	0.004741734	0	0	0	0.001908597	0.002396732	0.003009867	0.000868665	0.001896355
Nitrosomonadales	0.002025739	0.001595125	0.011145873	0.001314684	0.009035977	0.021487852	0.001398739	0.007531381	0.018931177	0.025858832	0.008229442	0	0.00272672	0.012172593	0.021351492	0.010359821	0.0188084	3.52038E-05	0.016363793	0.018416829	0.0159145	0.020384465	0.017083085	0.001960965	0.010410568	0	0.004131316	0.011014508	0.00126243	0.007503529	0.014023792	0.002960101	0.022691989	0.014112872	9.83894E-06	0.00117712	0.000225896	0	0.014777859	0	0.0125918	0.002977705	0.007394602	0.013942968	0.001243037	0.003143471	0.000574496	0.016365304	0.004658013	0.009044163	0.002956405	0.006917839	0.00724113	0.01390977	0.035466357
Nitrososphaerales	0.018695053	0.003522296	0.04411161	0.235393004	0.026173175	0.029001496	0.008463463	0.012105035	0.01961316	0.013662619	0.056393171	0	0.015097554	0.01407834	0.027098042	0.021351932	0.033461088	0.014245817	0.032856774	0.018078905	0.017837975	0.041084479	0.012714172	0.005420889	0.018579845	0	0.009943649	0.006160657	0.004798305	0.00633352	0.017901358	0.011791765	0.00735993	0.014042346	0.007369364	0.010925143	0.002719445	0	0.022349248	0	0.02350712	0.012110251	0.004857838	1.43152E-05	0.001512753	0.010068284	0.008042941	0.012673705	0.014453013	0.003045111	0.003184411	0.011947345	0.028763861	0.021226599	0.018726507
Nitrospirales	0.004077958	0.001171928	0.012415238	0.008383801	0.023491315	0.026978913	0.001158331	0.017616506	0.021461908	0.020118386	0.021095621	0	0.002919346	0.020195912	0.019596438	0.020145718	0.027829337	0.0009153	0.014608991	0.014889752	0.007187194	0.008166408	0.011840389	0.004825412	0.013017784	0	0.0030233	0.012427992	0.002589052	0.013300393	0.020734147	0.006406604	0.011090629	0.006025985	0.002381023	0.019514438	0.002432731	0	0.014098161	0.011973469	0.015391595	0.003514105	0.003679595	0	0.00159484	0.004901061	0.002692413	0.007782925	0.010561356	0.001859888	0	0.010167953	0.009561781	0.019656321	0.013805014
Oceanospirillales	1.32401E-05	0	0.000797482	0	0.002475991	0.002106161	5.46382E-06	0.000360698	0.000558733	0.00089415	0.002564024	0.100044734	0.000513668	0.001376141	0.002938463	0.001741228	0.002964746	0	0.003057446	0.01174284	0.037342738	0.035215268	0.004482885	0	0.003672973	0.090503505	0.000459035	0.014161511	0	0.01123112	0.00579299	0.040128132	0.008888739	0.003941574	9.83894E-06	0.060373368	0.000547364	0.085366314	0.002378943	0.064924997	0.003845473	0.004504381	0.077303691	0.120261681	1.17268E-05	0.022977165	0.000257237	0.012673705	0.015913881	0.181466759	0.030078983	0.002069905	0.002346824	0.001436638	0.003375061
Oscillatoriales	0	0	0	2.15522E-05	0	0	0.055091738	0.001428365	0	1.7883E-05	0	0	8.56113E-06	0	0.000200578	0	6.33493E-06	0	1.07657E-05	0	0	0	0	0	4.57406E-06	0	0.003833734	0	0	0	0	0	0	0	0.00027549	0	0.023745189	0.007080816	2.78565E-06	0.00161205	0	0.005020149	0.001059131	0	8.20874E-05	0	0.016085883	0.002892144	0	0	0	0	0.000244279	0	0
Phycisphaerales	0	0.000162768	0.000575697	4.31044E-05	0.002854345	0.005273759	0.000125668	0.007358246	0.001774798	0.003737549	0.000875146	0	0.000282517	0.002572967	0.001775112	0.002091419	0.003249818	0.000281631	0.00131341	0.001837459	0	0	0.002228779	0.001057484	0.000164666	0	0.000265924	0	0.000358402	0.00076389	0.0003971	0	0.004890836	0.000948172	0.00147584	0	0	0	0.00053763	0	0.000997154	0	0.000753303	0	0.000879507	0	0.000625943	0.00230431	0.002921736	0	0	0.003576941	0.000601973	0.002015747	0.004266799
Planctomycetales	0.020853194	0.014479827	0.005025552	0.001918145	0.015373402	0.021964245	0.033383965	0.011470206	0.010221521	0.012607522	0.004943806	0.00722137	0.022040631	0.015016618	0.011071887	0.00776257	0.020651864	0.019186087	0.009613728	0.005977021	0.015337791	0.013341411	0.016500564	0.033572551	0.016713627	3.54083E-05	0.022280613	0.008294218	0.023419154	0.013943414	0.014817992	0.003071279	0.022813753	0.030576583	0.012977557	0.010888358	0.022372434	3.77644E-05	0.014538293	7.38343E-05	0.015697292	0.027143191	0.015149759	2.86303E-05	0.027698622	0.026207827	0.023622925	0.012179924	0.007974902	0.012381022	0.004298827	0.01574217	0.009186638	0.014600247	0.025465341
Planctomycetia	0.003972037	0.002330835	0.005068022	0.001099162	0.007522562	0.003510268	0.004453017	0.008599048	0.009761388	0.000304011	0.007323589	0.003514826	0.002302944	0.004099232	0.007030247	0.003754827	0.011098793	0.001326011	0.006222548	0.019726282	0.006123782	0.001842806	0.001848874	0.004075934	0.014906872	0	0.003172091	0.002266908	0.004102899	0.003809782	0.004952072	0.003592423	0.001870423	0.005101321	0.00157423	0.015560051	0.002198146	0	0.013911522	0	0.010342744	0.001444153	0.005337505	0	0.00279097	0.004405448	0.002632391	0.005525641	0.014464987	0.003573903	0	0.002142533	0.003201801	0.007840255	0.005576187
Propionibacteriales	0.00325707	0.01314513	4.71883E-06	0	9.45884E-05	0	0.01603086	7.21397E-05	5.75166E-05	0.000679554	0	0	0.0398221	0	0.000401155	0	0	0.031214063	0	0	0	0	0	0.015420786	0.000960553	0	0.022783969	2.66695E-05	0.007317817	0.000551161	0.002059824	6.94859E-06	3.38232E-06	0.000258592	0.009799581	0	0.01244168	0	0.000523702	0.001082904	6.06541E-05	0.019681736	0.008408664	7.15758E-05	0.014306655	0.010797937	0.025037728	0.013426133	0	0	0.003840252	0.001398094	0.001038186	2.22735E-05	0
Proteobacteria	0.005627052	0.00447286	0.026203655	0.001788832	0.040255723	0.041813973	0.000721225	0.03293897	0.03367186	0.036123679	0.060968495	0	0.00568031	0.042685393	0.042301829	0.048589022	0.042241297	0.006066793	0.047767204	0.030687674	0.02913547	0.022643796	0.04006737	0.0264371	0.049203198	0	0.012052045	0.016615106	0.006001894	0.023786962	0.041168876	0.030288923	0.036633915	0.032598304	0.015476647	0.036334376	0.015074242	0.007628399	0.048863038	0.008047943	0.042137646	0.008713054	0.011016251	1.43152E-05	0.000856054	0.023293807	0.007905748	0.033859249	0.037347926	0.00694723	0.010214198	0.07722197	0.062299887	0.043778468	0.060942985
Pseudomonadales	0.002952547	0.007357106	4.71883E-05	0.000603461	0.000133537	0	0.000535455	1.44279E-05	0.0002958	0	6.14137E-05	0.010832055	8.56113E-05	0.000191826	0.001002888	0.000875478	0.000722182	0.001701518	0.003272759	0.000359044	0.006407137	0.000921403	0	0.000318272	4.57406E-06	0.031513349	0.000120299	0.00272029	0.001615483	0.000352937	0	0	0.002080127	0.000415315	0.001338095	0.014125437	0	0.025037764	0.000481917	0.009967636	0.000429431	0.000859615	0.008221948	0	0.013427147	0.013973531	0.000162917	0.006066449	0.001712329	0	0.027611896	0	0.001038186	0.000189324	0.000191893
Pseudonocardiales	0.001429933	0.004935121	0	0	0.000751143	0	0.002606244	0	0.000131467	0.005114541	0	0	0.018992869	0	0	0.000223733	0.000430775	0.005409655	0	0	0.002013481	0	0	0.00181723	0	3.54083E-05	0.009316829	2.66695E-05	0.005220899	0	0.000244206	0	0	0.000752269	0.004525911	0	0.000747196	0	0.00072984	0	0	0.010143452	0.000141647	0	0.004819701	0.007622343	0	0	0.003532426	0	0.006850456	0	0.000593249	0	0.00015803
Rhizobiales	0.066094693	0.038797341	0.005856066	0.001788832	0.005981327	0.019766149	0.034274568	0.002553744	0.008923289	0.0147356	0.001289689	0.004026074	0.022151926	0.016609605	0.008384146	0.007733388	0.010509645	0.020113122	0.007557489	0.008426966	0.012740934	0.0074722	0.009953525	0.022042895	0.011124122	7.08165E-05	0.035304546	0.009947728	0.05143334	0.024845772	0.014501586	0.02263852	0.037293467	0.012294889	0.040172378	0.019716756	0.014683267	0.003002266	0.009994902	0.002005833	0.029019368	0.035766845	0.017245487	0.00615552	0.027663442	0.028153567	0.031614419	0.013379106	0.004658013	0.023595055	0.020461701	0.015596913	0.015834518	0.003463522	0.03232834
Rhodobacterales	0.004594323	0.000755243	0	0	0.001363186	8.35778E-06	0.006982767	0.000259703	0.000139683	0	0.000107474	0	0.001600931	0.00133027	0.000290838	0.000272371	0.000361091	0.001689784	0.000236844	0	0.004020295	0	1.26635E-05	0.000924015	0.000306462	3.54083E-05	0.008484235	2.66695E-05	0.002444622	0	2.12353E-06	1.38972E-05	0.000679846	0	0.001229867	0.003752069	0.005951502	0.011952417	0.000153211	0	0.000625951	0.013176173	0.00416892	0	0.008583993	0.026786042	0.012030114	0.005431588	0.003604272	1.82342E-05	0.010606165	1.81571E-05	0.000209382	0	1.12878E-05
Rhodospirillales	0.029843237	0.055777282	0.023193043	0.038815492	0.006326297	0.022657941	0.031892341	0.020473236	0.010607704	0.029542731	0.00598784	6.39059E-05	0.058472523	0.033752987	0.017139361	0.015846149	0.011421875	0.024009012	0.019841099	0.016431528	0.013801012	0.011321898	0.010067497	0.022176364	0.008777627	0.003894908	0.032787768	0.010134414	0.052315971	0.017762865	0.021976412	0.01181261	0.018704233	0.01350949	0.044895068	0.004919993	0.014996047	0.007741692	0.019652741	0.003950137	0.01283199	0.053770614	0.012274975	0.012454191	0.040926415	0.020554169	0.081081081	0.02527687	0.011088227	1.82342E-05	0.010155275	0.011674989	0.029208798	0.005724277	0.014042058
Rickettsiales	0	0	0	0	0	0	0	0	0	0	0	0	0	0.000813174	0	0	0	0	0	0	0	0	0	0	0	0	3.16576E-06	0.396255601	9.09378E-05	0	2.12353E-06	0	0	0	9.83894E-06	9.19625E-06	0	1.88822E-05	0.000286922	0	0	0.000130661	0	0	0	0	0	0	1.19743E-05	0.004102695	0	0	0	0	0
Rubrobacterales	0.0085796	0.001119843	0.003977973	0	0.004462348	0.000208944	0.003912098	0.001298514	0.00862749	0.003558719	0.000675551	0	0.002825173	0.00301083	0.001865372	9.72753E-06	0.00524532	0.013037152	0.003563431	0.009271775	0.002513518	0.010097568	0.005344004	0.002535908	0.007817074	0	0.00385906	0.003040324	0.001551292	0.003219942	0.002019477	0.004544381	0.00451878	0.003996427	0.001957948	0.00777083	0.009765676	0.006891994	0.00451832	0.016317389	0.002001587	0.00530898	0	0	0.001172677	0.004887294	0.005702085	0.000799454	0.004813679	0	0	0.013399909	0.002146166	0.006180883	0.001659311
Rubrobacteria	0.0194365	0.010150202	0.008517486	0.004116468	0	0	0.0016009	0	0.001388615	0.001788301	0	0	0.009301669	0.000158465	0	0.000573924	0	0.007099439	0	0.003548196	0.002863543	0	0	0.001735095	0	0	0.001994428	0	0.014277232	0	0.000486288	0	0	0	0.01554552	0	0.002363224	0	0.000298064	0	8.7342E-05	0.00347972	0	0	0.001383758	0.004745035	0.00471601	0.000846481	0	0	0.001911159	0.001107581	0	1.11367E-05	0
Solirubrobacterales	0.035337888	0.018425319	0.002326382	0.003987155	0.000100152	0.005340621	0.016506212	1.44279E-05	0.000386183	0.003987911	0.002026654	0	0.014361297	0.000975809	0	0.000107003	0.000348421	0.020394752	0.002443803	0	0.002056817	0	0.003900363	0.009999897	4.57406E-06	0.004886339	0.012764341	0.00053339	0.015363136	0.00096695	0.000140153	0	0	0.010179134	0.030284247	0	0.007298192	0	0.002128234	0	3.63925E-05	0.010005914	3.21924E-06	0	0.005640575	0.007411249	0.019910139	0.003550518	0	0	0.001411594	0	8.72425E-06	0.000690477	0.002776806
Spartobacteria	0.004210359	0.004375199	0	0	5.56403E-06	0.000117009	0.000923386	0.001053239	0.000386183	0	4.60603E-05	0	0.000667768	0.000308589	0	9.72753E-06	0.000202718	0.001619376	0.000150719	0	0	0	0	0.00123202	0	0	0.001136508	0	0.004862497	0	0.000690147	0.000305738	0	0.000250756	0.013833545	0	0.002198146	0	0.000144854	0	0.000516773	0.002489444	0	0	0.002145998	0.006057491	0.009311977	0	1.19743E-05	1.82342E-05	0.000325358	0.000254199	0.00104691	0.000155914	2.25757E-05
Sphaerobacterales	0.004461921	0.009896284	0.000410538	0.000517253	0.000289329	0.001036365	0.017385888	0.000317415	5.75166E-05	0.001001449	0.000429896	0	0.029664318	0.000179315	0.000641849	0.00011673	0.000342086	0.061301603	0	0.002238743	3.33358E-06	0	0.001354996	0.00648864	0.000173814	0	0.016645562	0	0.002123665	0.000657526	0.000781459	0.000354378	0.000886168	0.003244158	0.008333579	0	0.008775207	0.001680514	8.35694E-06	1.23057E-05	0.000608968	0.004834473	0.000392748	0	0.009498681	0.002712104	0.031803059	0.003127278	0	0	5.63613E-05	0.000671811	0.000628146	0.000445469	0.001015905
Sphingobacteriales	0.003746955	0.006706035	1.88753E-05	0	0	0.000468036	0.001234824	0	0	0	4.60603E-05	0	0.000487984	0.00032944	0.000190549	0.0006712	0	0.000704077	0.002454569	0	0	0	0.000113972	0.002484574	0	0	0.006166899	0	0.003979865	0.026944052	0.001059641	1.38972E-05	0	0	0.000708403	0	0.001755041	0	0	0	0.000390613	0.004820719	0	0	0.003693931	0.003868534	0.001114693	0.000470267	0	0	0.001596049	0.00030867	0.014552053	0.000133641	0.000530528
Sphingomonadales	0.036105815	0.043224626	0.000207628	0	0	0.000267449	0.06116751	0.001413937	0.000287583	0.001090864	0.000399189	0.018117331	0.033914919	0.000129274	0.000882542	0.000593379	6.33493E-06	0.05281748	0.004080183	0	0.032152358	1.2622E-05	0	0.082473486	0.001184682	0.025777211	0.054049006	2.66695E-05	0.058922334	0.051504574	0.000724124	0.007483636	0.003460114	0.000454496	0.045593632	9.19625E-06	0.084711157	0.015898792	0.001877526	0.001858164	0.000659917	0.057277841	0.008656545	0	0.0722017	0.020164103	0.064652216	0.024312822	0.00160456	1.82342E-05	0.025050021	1.81571E-05	0.000270452	0	0.000361211
Streptomycetales	0.004024997	0.036570677	0.009574503	0.0004957	0.008802288	0.003819505	0.000584629	0.006853268	0.009424505	0.005955042	0.009780139	0.011407209	0.006412287	0.004791473	0.011824053	0.002684799	0.014145893	0.004846394	0.007557489	0.008469207	0.007710565	0.011082081	0.010801981	0.012628207	0.007135539	0.005205014	0.005388122	0.004987199	0.020150743	0.005163511	0.009186391	0.008546771	0.016979249	0.009850016	0.004447199	0.000331065	0.006759516	0.001793807	0.016588529	0.014077748	0.008093689	0.020589489	0.005933065	0	0.000633245	0.002101766	0.00108897	0.013426133	0.010812817	0	0.003368867	0.022024512	0.017527023	0.01316361	0.015893262
Streptosporangiales	0.007891113	0.005254146	0.004105381	0.005646673	0.001613567	0.004947806	0.007326988	0	8.21666E-06	0.001269694	0.000184241	0	0.054097785	0	0.000160462	0	0.001038928	0.024126358	0.000279907	0.001520656	6.66716E-06	8.83537E-05	0.001253688	0.009753493	0.003828491	0	0.001411929	0	0.001208938	4.83475E-06	0.000267565	0	0.000142057	0.002335167	0.001160995	0	0.00642936	0.002303625	0.000832909	0	0.001458126	0.009868376	0	0	0.00272061	0.001720878	0.002520922	0.000305674	1.19743E-05	0	0	0.001670449	0.002102545	0.001369817	0.001286812
Synergistales	0.005176888	6.51071E-06	0.020489154	0.009051919	0.023274318	0.048692425	0	0.113619968	0.026038585	0.04213237	0.047027575	0	0	0.0358589	0.038310334	0.034338187	0.024889931	0	0.060093876	0.03803751	0.013190967	0.028197458	0.011473147	0	0.023428352	0	0.007585159	0.015334969	0.001321272	0.020315612	0.037877404	0.01438359	0.034702609	0.020366104	0.004653817	0.020038624	0.000121637	1.88822E-05	0.045336409	0	0.055086092	0.000295707	0.013839527	2.86303E-05	0	0.032641617	0.002658115	0.028709822	0.022475812	0	0.001491012	0.00956877	0.002442791	0.029111401	0.024821935
Syntrophobacterales	0	0	0.001500587	0.00245695	0.002292378	0.001646483	0	0.002395037	0.001166765	0.001895599	0.000921206	0	0.000205467	0.001296909	0.00072208	0.000651745	0.001482373	0	0.000613642	0.00394948	6.66716E-06	0.003193356	0.002912609	0	0.00229618	0	0.000398886	0.001973544	0	0.001455259	0.00190693	0.001598177	0.001518662	0.003079599	0.000206618	0	0	0	0.00183017	0	0.00114515	0.000130661	0	0	0	0.000376299	0	0.000869995	0.004502347	0	0	0.004394008	0.003001143	0.002004611	0.003284758
Thaumarchaeota	0	0	0.058857949	0.041875902	0.073801231	0.065784085	0	0.071158563	0.048231775	0.045208248	0.030983234	6.39059E-05	4.28057E-06	0.034057406	0.031370347	0.029454966	0.045015996	1.17346E-05	0.053063905	0.044246853	0.026411937	0.013682204	0.058796713	1.02668E-05	0.02763649	0	0.018507028	0.016108385	0	0.002538243	0.015656787	0.012076657	0.023730361	0.029189587	0	0.001784072	0	1.88822E-05	0.033511336	0	0.014394441	6.87692E-06	0.013977955	1.43152E-05	0.000164175	0.005483865	0	0.008723459	0.030091484	1.82342E-05	0	0.032265093	0.024087661	0.090474759	0.057443758
Thermoanaerobacterales	0	0	0.001510025	0	0.002587272	0.003393259	5.46382E-06	0.003188573	0.002366397	0.000965683	0.002855739	0	4.28057E-06	0.004566286	0.001634708	0.000301553	0.002122201	0	0.002583757	0.001626257	6.66716E-06	3.78659E-05	0.00226677	0	0.000969701	0	0.000294416	0.003467036	0	0.000604344	0.003032401	0.005128063	0.005753327	0.000963844	1.96779E-05	9.19625E-06	0	0	0.00262408	1.23057E-05	0.003566464	0.000226938	3.21924E-06	0	0	0.002441352	0.000866031	0.002633497	0.000730434	0.001750483	0	0.001343622	0.000802631	0.00193779	0.004165209
Thermoleophilales	0.003720475	0.029623746	4.71883E-06	0	0.000367226	0	0.028668685	0	0	0.00130546	0.000261008	0	0.012062633	0.000100083	0.000200578	0	0.000798201	0.020277406	0.000645939	0.00194306	0	0.001413659	0.000620512	0.006108767	0.000132648	0	0.007420539	0	0.008697931	0	0.000639183	0.000152869	0.002364242	0.000877647	0.008796009	0	0.003692538	0	0.000662984	0	0.000730276	0.00292269	0.003422056	0	0.032178247	0.00462572	0.00905474	0.001457829	0	0	5.12375E-06	0.000708125	0	0	1.12878E-05
Thermoleophilia	0.009599089	0.001718828	0.000613448	0	0.001446647	0.000125367	0.002387691	0.004039821	0	0.000768969	0.00102868	0	0.001832082	0	0	0.000408556	0.00091223	0.022870755	0	0	3.33358E-06	0	0.000607849	2.05337E-05	0.000233277	0	0.000598328	0	0.008965395	0.002436713	0.002168124	0	0.001156754	0.000681743	0.017631374	0.00154497	0.000755884	0	0.000593343	0	9.94728E-05	0.00339032	6.43849E-06	0	0.004854881	0.004589008	0.001740637	0.000869995	0	0	0.000596917	0.00092601	0.000488558	0.002962369	0.000225757
Thermoplasmata	0	0	0.00177428	0	0.006632318	0.001011291	0	0.006204011	0.006031026	0.00184195	0.00750783	0	0	0.00368222	0.000942715	0.000544742	0.00433309	0	0.003940229	0.004456366	0.000700051	0.003344819	0.002583358	0	0.000905665	0	0.000544511	0.000506721	0	0	0.001318712	0	0.000307791	0.00155939	0	0	0	0	0.010019973	0.01029989	0.000494938	0	2.89732E-05	0	0	0	0	0	0.00249066	1.82342E-05	0	0.000526555	0.001666332	0.008708919	0.000575679
Thermotogales	0	0	0.013642133	0.000926744	0.022117	0.014224941	0	0.026013562	0.025520936	0.016023176	0.013756679	0.003323108	0	0.009482863	0.026456194	0.008054396	0.022077223	0.000574996	0.021165274	0.009018332	0.011490843	0.016560011	0.066711411	0.001160152	0.034159104	0	0.006749399	0.015254961	0.000283512	0.021055329	0.057235504	0.007490585	0.029805009	0.013023649	0.014256619	0.020903072	0	0	0.027118276	1.23057E-05	0.010539264	0.001045291	0.007880708	0	0	0.004189765	0.002177939	0.004843754	0.008573618	1.82342E-05	2.56188E-06	0.023077621	0.023581655	0.032574922	0.020995361
Tissierellales	0	0	0	0	0.001212958	0	0	0	0	0	0	0	0	0	0	0.001284034	0	0	0	0	0	0	0.001696911	0	0	0	0.000148791	0	0	0	6.37059E-06	0	0	0.00170044	1.96779E-05	0	0	0.003663142	5.57129E-06	0	5.09495E-05	0	3.21924E-06	0	0	0	8.57456E-06	2.35134E-05	0	0	0.075575333	0.001307308	8.72425E-06	0	0.000620831
Verrucomicrobiales	0.014074251	0.009896284	0.002165942	0.001810384	0.00362218	0.003811148	0.010550644	0.001558217	0.002349964	0.00071532	0.000921206	0	0.013102811	0.003052531	0.002547336	0.003239268	0.004472459	0.008777488	0.001679442	0.001372814	3.33358E-06	0.008280006	0.00068383	0.018110697	0.005136673	0	0.004375079	0.0021869	0.010115491	0.002668781	0.000798447	0.002341676	0.002743062	0.002617268	0.003551856	9.19625E-06	0.007680478	0	0.001637961	1.23057E-05	0.00225876	0.01088616	6.43849E-06	0	0.008748168	0.006052902	0.006147963	0.003856192	0	0	0.016931437	0.00555606	0.003219249	0.003530342	0.001106207
Vicinamibacteria	0.06572397	0.03751473	0.016780154	0.006638074	0.020737122	0.027914985	0.028149621	0.024787188	0.038281404	0.067544126	0.029616778	6.39059E-05	0.046118811	0.034678754	0.021883023	0.036244784	0.03108549	0.030333967	0.031457239	0.027498522	0.054580669	0.036603683	0.015006268	0.065184136	0.034845214	0	0.027048246	0.019495413	0.067497232	0.031450038	0.044156683	0.05264255	0.055402412	0.015609573	0.036433582	0.035433143	0.097387421	0.058081571	0.028742308	0.00808486	0.042838808	0.056693303	0.014100286	0	0.059419525	0.05336099	0.050821443	0.024101202	0.050998659	0.025236133	0.01748224	0.032137994	0.028153163	0.025458555	0.024652617
Xanthomonadales	0.01404777	0.01824953	0.00076445	8.62088E-05	0.000762271	0.003067305	0.008277693	0.001009955	0.000583383	0.000518607	0.002287662	3.1953E-05	0.002290102	0.001834855	0.001053033	0.011955137	1.26699E-05	0.00195968	0.005813453	0	0.001810133	0.003950673	0.000151962	0.015164115	0.011252196	0	0.005593896	2.66695E-05	0.009270305	0	0.000371618	2.08458E-05	0.00164719	0.002405692	0.017100072	0.002013978	0.01186825	0	0.004064259	1.23057E-05	0.004495685	0.006656856	0.009451698	0	0.015842861	0.020118213	0.007837152	0.003103764	0	0.002607491	0.029738253	0.001125738	0.000209382	0.001703919	0.001433554