	FUN_ITS_1_10_S10_L001	FUN_ITS_1_14_S14_L001	FUN_ITS_1_15_S15_L001	FUN_ITS_1_17_S17_L001	FUN_ITS_1_18_S18_L001	FUN_ITS_1_19_S19_L001	FUN_ITS_1_1_S1_L001	FUN_ITS_1_20_S20_L001	FUN_ITS_1_21_S21_L001	FUN_ITS_1_22_S22_L001	FUN_ITS_1_23_S23_L001	FUN_ITS_1_24_S24_L001	FUN_ITS_1_25_S25_L001	FUN_ITS_1_26_S26_L001	FUN_ITS_1_28_S28_L001	FUN_ITS_1_2_S2_L001	FUN_ITS_1_30_S30_L001	FUN_ITS_1_31_S31_L001	FUN_ITS_1_32_S32_L001	FUN_ITS_1_33_S33_L001	FUN_ITS_1_34_S34_L001	FUN_ITS_1_35_S35_L001	FUN_ITS_1_36_S36_L001	FUN_ITS_1_38_S38_L001	FUN_ITS_1_39_S39_L001	FUN_ITS_1_3_S3_L001	FUN_ITS_1_40_S40_L001	FUN_ITS_1_41_S41_L001	FUN_ITS_1_43_S43_L001	FUN_ITS_1_45_S45_L001	FUN_ITS_1_47_S47_L001	FUN_ITS_1_48_S48_L001	FUN_ITS_1_49_S49_L001	FUN_ITS_1_4_S4_L001	FUN_ITS_1_50_S50_L001	FUN_ITS_1_51_S51_L001	FUN_ITS_1_54_S54_L001	FUN_ITS_1_55_S55_L001	FUN_ITS_1_56_S56_L001	FUN_ITS_1_57_S57_L001	FUN_ITS_1_58_S58_L001	FUN_ITS_1_59_S59_L001	FUN_ITS_1_5_S5_L001	FUN_ITS_1_7_S7_L001	FUN_ITS_1_8_S8_L001	FUN_ITS_1_11_S11_L001	FUN_ITS_1_12_S12_L001	FUN_ITS_1_13_S13_L001	FUN_ITS_1_16_S16_L001	FUN_ITS_1_27_S27_L001	FUN_ITS_1_29_S29_L001	FUN_ITS_1_37_S37_L001	FUN_ITS_1_42_S42_L001	FUN_ITS_1_44_S44_L001	FUN_ITS_1_46_S46_L001	FUN_ITS_1_52_S52_L001	FUN_ITS_1_53_S53_L001	FUN_ITS_1_6_S6_L001	FUN_ITS_1_9_S9_L001
forward_FUN_ITS_11	0	0	0	0	0	0	0	0	0	0	0	0	0	0	0	0	0	0	0	0	0	0	0	0	0	0	0	0	0	0	0	0	0	0	0	0	0	0	5	3	6	1	0	0	0	0	0	0	0	0	0	0	0	0	0	0	0	0	0
forward_FUN_ITS_14	0	0	0	0	0	0	6	0	0	0	0	0	0	0	0	0	0	0	0	0	0	0	0	0	0	0	0	0	0	0	0	0	0	0	0	2	0	0	0	3	0	0	0	0	0	0	0	0	0	0	0	0	0	0	0	0	0	0	0
merged_FUN_ITS_1	2443	198	3347	126	610	30	13094	2749	3	9	80	0	1609	0	117	1	497	6	0	2549	1	22024	0	3	3	83	1688	60	0	0	3493	0	1	34	103	402	0	90	32942	9403	6324	9571	5709	22	11	47	7	0	10	0	0	0	56	1	0	2	0	7	0
merged_FUN_ITS_2	1185	0	320	0	0	6	1017	51	0	0	0	0	29	0	0	0	108	0	0	346	0	4985	0	0	44	0	417	0	0	0	34	66	0	0	0	29	0	0	616	448	5000	1003	49	0	0	0	0	0	0	0	0	0	0	0	0	0	0	0	0
merged_FUN_ITS_3	113	3	32	0	0	0	19	0	0	0	0	0	0	0	0	0	0	1	0	607	0	0	0	0	0	0	12147	0	0	0	0	0	0	0	0	1370	0	0	392	0	0	0	35	0	0	0	0	0	0	0	0	0	0	0	0	0	0	0	0
merged_FUN_ITS_5	0	0	0	0	0	0	0	0	0	0	0	0	0	0	0	0	0	0	0	0	0	0	0	0	0	0	0	0	0	0	0	0	0	0	42	0	0	13	49	4544	783	0	0	0	0	0	0	0	0	0	0	0	0	0	8	0	0	0	0
merged_FUN_ITS_8	0	0	0	0	0	0	0	0	0	0	0	0	0	0	0	0	0	0	0	0	0	0	0	0	0	0	0	0	0	0	0	0	0	0	0	0	0	0	1586	520	1838	0	0	0	0	0	0	0	0	0	0	0	0	0	0	0	0	0	0
merged_FUN_ITS_9	0	0	0	0	0	0	29	0	0	0	0	0	0	0	0	0	0	0	0	0	0	2872	0	0	0	0	106	0	0	0	0	0	0	0	0	0	0	0	312	467	679	10	41	0	0	0	0	0	0	0	0	0	0	0	0	0	0	0	0
merged_FUN_ITS_10	213	0	129	0	1	0	498	0	0	0	0	0	23	0	0	0	0	0	0	0	0	2103	0	0	0	0	114	0	0	0	334	0	0	0	0	37	0	0	289	142	770	117	29	0	0	0	0	0	0	0	0	0	11	0	0	0	0	0	0
merged_FUN_ITS_12	19	3	196	0	0	0	406	5	0	0	0	0	0	0	0	0	0	0	0	1878	0	534	0	1	0	0	60	0	0	0	6	0	0	0	0	81	0	0	2561	1622	180	34	109	0	0	0	0	0	0	0	0	0	0	0	0	0	0	0	0
merged_FUN_ITS_14	44	0	0	0	0	0	1457	26	0	0	0	0	0	0	0	0	4	0	0	217	0	0	0	0	0	0	36	0	0	0	1	0	0	0	0	246	0	0	80	403	94	0	0	0	0	0	0	0	0	0	0	0	0	0	0	0	0	0	0
merged_FUN_ITS_15	0	0	0	0	0	0	0	0	0	0	0	0	0	0	0	0	0	0	1	0	0	86	1	0	0	0	2327	0	0	0	0	0	0	0	0	0	0	0	0	0	0	0	0	0	0	0	0	0	0	0	0	0	0	0	0	0	0	0	0
merged_FUN_ITS_21	23	9	1375	50	0	3	821	135	0	0	0	0	308	0	0	0	0	0	1	105	0	945	0	0	0	17	100	0	0	0	210	0	0	0	0	186	1	0	28	13	37	661	298	5	0	27	0	0	0	0	0	0	0	24	0	0	0	0	0
merged_FUN_ITS_24	19	13	18	0	0	0	1	0	0	21	0	0	10	0	0	33	90	555	61	292	0	2766	0	89	0	9	69	49	63	0	34	96	26	0	0	0	11	247	48	24	29	25	0	0	0	0	0	0	0	0	0	0	27	0	30	0	7	7	0
merged_FUN_ITS_29	0	0	0	0	0	0	0	0	0	0	0	0	0	0	0	0	0	0	0	0	0	0	0	0	0	0	0	0	0	0	0	0	0	0	0	0	0	0	1500	83	25	0	0	0	0	0	0	0	0	0	0	0	0	0	0	0	0	0	0
merged_FUN_ITS_30	12	73	1385	33	0	0	196	115	4	0	7	0	44	0	0	0	0	0	13	32	0	192	0	0	0	131	37	0	0	0	0	72	0	5	0	0	0	0	1253	863	95	1378	134	17	0	13	11	0	7	0	5	0	0	0	0	0	0	20	0
merged_FUN_ITS_35	29	0	45	0	0	0	71	25	0	0	0	0	55	0	0	0	0	0	0	1036	0	0	0	0	0	0	0	0	0	0	37	0	0	0	0	53	0	0	42	29	18	14	0	0	0	0	0	0	0	0	0	0	0	0	0	0	0	0	0
merged_FUN_ITS_36	0	0	0	0	0	0	0	6	0	0	462	0	0	0	0	0	0	0	0	0	0	0	0	0	0	0	20	0	0	0	0	0	0	0	0	3	0	0	1619	98	140	0	0	0	0	0	0	0	0	0	0	0	0	0	0	0	0	0	0
merged_FUN_ITS_37	0	0	0	0	0	0	0	0	0	0	0	0	0	0	0	0	0	0	0	0	0	0	0	0	0	0	0	0	0	0	0	0	0	0	0	0	0	0	1471	27	8	0	0	0	0	0	0	0	0	0	0	0	0	0	0	0	0	0	0
merged_FUN_ITS_39	0	0	0	0	0	0	164	0	0	0	0	0	0	0	0	0	0	0	0	106	0	1405	0	0	0	0	8	0	0	0	0	0	0	0	0	0	0	0	20	31	0	0	0	0	0	0	0	0	5	0	0	0	0	0	0	0	0	0	0
merged_FUN_ITS_43	0	0	0	0	0	0	301	0	0	0	0	0	20	0	0	0	76	0	0	0	0	888	0	0	0	0	44	0	0	0	28	0	0	0	0	0	0	0	0	0	0	0	26	0	0	0	0	0	0	0	0	0	0	0	0	0	0	0	0
merged_FUN_ITS_47	0	0	28	0	0	0	52	0	0	0	0	0	39	0	0	0	0	0	0	0	0	0	0	0	0	0	29	0	0	0	67	18	0	0	0	0	0	0	327	319	506	0	0	0	0	0	0	0	0	0	0	0	0	0	0	0	0	0	0
merged_FUN_ITS_63	0	0	0	0	0	0	15	0	0	0	0	0	0	0	0	0	0	0	0	64	0	39	0	0	0	0	1	0	0	0	869	0	0	0	0	0	0	0	18	0	0	0	0	0	0	4	0	0	0	0	0	0	0	0	0	0	0	0	0
merged_FUN_ITS_64	0	0	26	0	0	0	32	0	0	0	0	0	12	0	905	0	0	0	0	44	0	52	0	0	0	0	0	0	0	0	0	0	0	0	0	0	0	0	9	0	0	140	0	0	0	0	0	0	0	0	0	0	0	0	0	0	0	0	0
merged_FUN_ITS_67	0	0	0	0	0	0	0	0	0	0	0	0	0	0	0	0	0	0	0	0	0	0	0	0	0	0	0	0	0	0	0	0	0	0	0	0	0	0	827	46	466	0	0	0	0	0	0	0	0	0	0	0	0	0	0	0	0	0	0
merged_FUN_ITS_68	0	0	0	0	0	0	0	0	0	0	0	0	0	0	0	0	0	0	0	0	0	0	0	0	0	0	0	0	0	0	0	0	0	0	0	0	0	0	406	176	73	172	0	0	0	0	0	0	0	0	0	0	0	0	0	0	0	0	0
merged_FUN_ITS_74	0	0	0	0	0	0	0	0	0	0	0	0	0	0	0	0	0	0	0	0	0	0	0	0	0	0	0	0	0	0	0	0	0	0	0	0	0	0	363	239	63	37	0	0	0	0	0	0	0	0	0	0	0	0	0	0	0	0	0
merged_FUN_ITS_86	0	0	0	0	0	0	2	0	0	0	0	0	0	0	0	0	0	0	0	0	0	0	0	0	0	0	0	0	0	0	0	0	0	0	0	0	0	0	612	86	141	103	21	0	0	10	0	0	0	0	0	0	0	0	0	0	0	0	0
merged_FUN_ITS_87	16	0	45	0	0	0	518	0	0	0	0	0	5	0	0	0	0	0	0	62	0	371	0	0	0	16	92	0	0	0	48	0	0	0	0	19	0	0	47	21	107	10	3	0	0	4	0	0	34	12	0	0	0	0	0	0	0	0	0
merged_FUN_ITS_92	17	0	67	0	0	0	20	0	0	0	0	0	12	0	0	0	0	0	0	30	0	295	0	0	0	0	12	0	0	0	0	0	0	0	0	37	0	0	0	13	0	0	42	0	0	0	0	0	0	0	0	0	0	0	0	0	0	0	0
merged_FUN_ITS_99	0	0	0	0	0	0	0	0	0	0	0	0	0	0	1	0	0	0	0	0	0	0	0	0	0	0	0	0	0	0	0	0	0	0	0	0	0	0	484	11	0	0	0	0	0	0	0	0	0	0	0	0	0	0	0	0	0	0	0
merged_FUN_ITS_100	0	0	0	0	0	0	15	0	0	0	0	0	0	0	0	0	0	0	0	0	0	347	0	0	0	0	0	0	0	0	0	0	0	0	0	0	0	0	22	98	1	11	0	0	0	0	0	0	0	0	0	0	0	0	0	0	0	0	0
merged_FUN_ITS_101	0	0	0	0	0	0	0	11	0	0	0	6	4	0	129	0	54	0	0	0	1	625	0	0	6	0	80	0	0	0	0	0	0	0	0	0	0	0	416	260	69	24	0	0	0	0	0	0	0	0	61	0	0	0	0	0	0	0	0
merged_FUN_ITS_104	0	0	0	0	0	0	0	0	0	0	0	0	0	0	0	0	0	0	0	0	0	0	0	0	0	0	0	0	0	0	0	0	0	0	0	0	0	0	460	7	0	0	0	0	0	0	0	0	0	0	0	0	0	0	0	0	0	0	0
merged_FUN_ITS_105	0	0	0	0	0	0	0	0	0	0	0	0	0	0	0	0	0	0	0	0	0	0	0	0	0	0	0	0	0	0	0	0	0	0	0	0	0	0	0	465	0	0	0	0	0	0	0	0	0	0	0	0	0	0	0	0	0	0	0
merged_FUN_ITS_107	0	0	0	0	0	0	24	0	0	0	0	0	3	0	0	0	0	0	0	455	0	0	0	0	0	0	0	0	0	0	0	0	0	0	0	0	0	0	0	0	0	0	66	0	0	0	0	0	0	0	0	0	0	0	0	0	0	0	0
merged_FUN_ITS_109	0	8	0	0	36	0	0	0	0	0	0	0	0	0	0	0	0	0	0	13	0	0	0	0	0	181	0	0	0	0	0	0	0	0	0	0	0	0	19	0	0	0	0	0	0	0	14	0	0	0	0	0	0	0	0	0	0	185	0
merged_FUN_ITS_120	0	0	18	19	0	0	11	34	0	0	0	0	0	0	0	0	0	0	0	0	0	37	0	0	0	0	0	0	0	0	0	0	0	0	0	0	0	0	87	172	11	29	20	0	0	15	0	0	0	0	0	0	0	0	0	0	0	0	0
merged_FUN_ITS_121	0	0	0	0	0	0	0	0	0	0	0	0	0	0	0	0	0	0	0	0	0	0	0	0	0	0	0	0	0	0	0	0	0	0	0	0	0	0	297	106	201	8	0	0	0	0	0	0	0	0	0	0	0	0	0	0	0	0	0
merged_FUN_ITS_126	0	0	34	0	0	0	12	0	0	0	0	0	0	0	0	0	27	0	0	0	0	370	0	0	0	0	0	0	0	0	0	0	0	0	0	0	0	0	30	0	0	0	0	0	0	0	0	0	0	0	0	0	0	0	0	0	0	0	0
merged_FUN_ITS_135	0	0	0	0	0	0	0	0	0	0	0	0	0	0	0	0	0	0	0	0	0	0	0	0	0	0	0	0	0	0	0	0	0	0	0	0	0	0	4	60	472	0	0	0	0	0	0	0	0	0	0	0	0	0	0	0	0	0	0
merged_FUN_ITS_137	0	0	0	0	0	0	0	0	0	0	0	0	0	0	0	0	0	0	0	0	0	0	0	0	0	0	0	0	0	0	0	0	0	0	0	0	0	0	320	13	22	0	0	0	0	0	0	0	0	0	0	0	0	0	0	0	0	0	0
merged_FUN_ITS_140	0	0	0	0	0	0	0	0	0	0	0	0	0	0	0	0	0	0	0	0	0	0	0	0	0	0	0	0	0	0	0	0	0	0	0	0	0	0	321	10	0	0	0	0	0	0	0	0	0	0	0	0	0	0	0	0	0	0	0
merged_FUN_ITS_156	284	0	0	0	0	0	0	0	0	0	0	0	0	0	324	0	0	0	0	0	0	0	0	0	0	0	0	0	0	0	0	0	0	0	0	0	0	0	0	0	0	0	0	0	0	0	0	0	0	0	0	0	0	0	0	0	0	0	0
merged_FUN_ITS_164	0	0	0	0	0	0	295	0	0	0	0	0	0	0	0	0	0	0	0	0	0	16	0	0	0	0	0	0	0	1	2	0	0	0	0	24	0	0	42	104	2	18	0	0	0	0	0	0	0	0	0	0	0	0	0	0	0	0	0
merged_FUN_ITS_170	0	0	0	0	0	0	0	0	0	0	0	0	0	0	0	0	0	0	0	0	0	0	0	0	0	0	0	0	0	0	0	0	0	0	0	0	0	0	297	37	0	29	0	0	0	0	0	0	0	0	0	0	0	0	0	0	0	0	0
merged_FUN_ITS_171	0	0	30	0	0	0	13	58	0	0	0	0	0	0	0	0	0	0	0	80	0	27	0	1	0	0	415	0	0	0	0	0	0	0	0	7	0	0	36	0	11	0	0	0	0	0	0	0	0	0	0	0	0	0	0	0	0	0	0
merged_FUN_ITS_183	0	0	0	0	0	0	0	0	0	0	0	0	0	0	0	0	0	0	0	0	0	0	0	0	0	0	0	0	0	0	0	0	0	0	0	0	0	0	280	63	40	0	0	0	0	0	0	0	0	0	0	0	0	0	0	0	0	0	0
merged_FUN_ITS_193	0	0	13	0	0	0	0	0	0	0	0	0	0	0	0	0	0	0	0	0	0	0	0	0	0	0	0	0	0	0	84	0	0	0	0	0	0	0	206	0	0	0	0	0	0	0	0	0	0	0	0	0	0	0	0	0	0	0	0
merged_FUN_ITS_200	0	0	22	0	0	0	0	59	0	0	0	0	0	0	0	0	0	0	0	49	0	0	0	0	0	0	0	0	0	0	0	0	0	0	0	0	0	0	212	0	0	84	0	0	0	0	0	0	0	0	0	0	0	0	0	0	0	0	0
merged_FUN_ITS_204	0	0	0	0	0	0	0	0	0	0	0	0	0	0	0	0	0	0	0	0	0	0	0	0	0	0	0	0	0	0	0	0	0	0	0	0	0	0	200	0	0	3	0	0	0	0	0	0	0	0	0	0	0	0	0	0	0	0	0
merged_FUN_ITS_208	0	0	0	16	0	0	0	0	0	0	0	0	0	0	0	0	0	0	0	0	0	0	0	0	0	0	0	0	0	0	0	0	0	0	0	0	0	0	2	0	0	38	153	0	0	0	0	0	0	0	0	0	0	0	0	0	0	0	0
merged_FUN_ITS_211	0	0	0	0	0	0	0	0	0	0	0	0	0	0	0	0	0	0	0	0	0	194	0	0	0	0	0	0	0	0	0	0	0	0	0	0	0	0	0	0	0	108	0	0	0	0	0	0	0	0	0	0	0	0	0	0	0	0	0
merged_FUN_ITS_214	0	0	38	0	0	0	64	0	0	0	0	0	0	0	0	0	0	0	0	0	0	0	0	0	0	0	0	0	0	0	0	0	0	0	0	0	0	0	0	99	87	0	0	0	0	0	0	0	0	0	0	0	0	0	0	0	0	0	0
merged_FUN_ITS_218	0	0	0	0	0	0	0	0	0	0	0	0	0	0	0	0	0	0	0	0	0	0	0	0	0	0	0	0	0	0	0	0	0	0	0	0	0	0	181	0	0	1	0	0	0	0	0	0	0	0	0	0	0	0	0	0	0	0	0
merged_FUN_ITS_220	0	0	0	0	0	0	0	0	0	0	0	0	0	0	0	0	0	0	0	0	0	0	0	0	0	0	0	0	0	0	0	0	0	0	0	0	0	0	180	0	0	0	0	0	0	0	0	0	0	0	0	0	0	0	0	0	0	0	0
merged_FUN_ITS_223	0	0	0	0	0	0	0	0	0	0	0	0	0	0	0	0	0	0	0	0	0	0	0	0	0	0	0	0	0	0	0	1	0	0	0	0	0	0	0	0	0	0	178	0	0	0	0	0	0	0	0	0	0	0	0	0	0	0	0
merged_FUN_ITS_231	0	0	0	0	0	0	0	0	0	0	0	0	0	0	0	0	0	0	0	0	0	6	0	0	0	0	0	0	0	0	0	0	0	0	0	0	0	0	0	0	28	222	0	0	0	0	0	0	0	0	0	0	0	0	0	0	0	0	0
merged_FUN_ITS_240	0	0	0	0	0	0	0	11	0	0	0	0	0	0	0	0	0	0	0	0	0	95	0	0	0	0	0	0	0	0	12	0	0	0	0	0	0	0	0	0	0	0	37	0	0	0	0	0	0	0	0	0	0	0	0	0	0	0	0
merged_FUN_ITS_243	0	0	0	0	0	0	0	0	0	0	0	0	0	0	0	0	0	0	0	0	0	0	0	0	0	0	0	0	0	0	0	0	0	0	0	0	0	0	3	154	0	0	0	0	0	0	0	0	0	0	0	0	0	0	0	0	0	0	0
merged_FUN_ITS_247	0	0	0	0	0	0	0	0	0	0	0	0	0	0	0	0	0	0	0	0	0	198	0	0	0	0	0	0	0	0	0	0	0	0	0	0	0	0	0	45	7	23	0	0	0	0	0	0	0	0	0	0	0	0	0	0	0	0	0
merged_FUN_ITS_249	0	0	0	0	0	0	0	0	0	0	0	0	0	0	0	0	0	0	0	0	0	0	0	0	0	0	0	0	0	0	0	0	0	0	0	0	0	0	104	0	0	43	0	0	0	0	0	0	0	0	0	0	0	0	0	0	0	0	0
merged_FUN_ITS_254	0	0	25	0	0	0	27	27	0	0	0	0	13	0	0	0	0	0	0	0	0	76	0	0	0	0	0	0	0	0	0	0	0	0	0	0	0	0	0	13	0	59	0	0	0	0	0	0	0	0	0	0	0	0	0	0	0	0	0
merged_FUN_ITS_257	0	0	0	0	0	0	0	0	0	0	0	0	0	0	0	0	0	0	0	0	0	0	0	0	0	0	0	0	0	0	0	0	0	0	0	0	0	0	0	0	0	135	0	0	0	0	0	0	0	0	0	0	0	0	0	0	0	0	0
merged_FUN_ITS_259	0	0	0	0	0	0	104	0	0	0	0	0	0	0	0	0	0	0	0	68	0	54	0	0	0	0	16	0	0	0	0	0	0	0	0	0	0	0	0	7	0	0	0	0	0	0	0	0	0	0	0	0	0	0	0	0	0	0	0
merged_FUN_ITS_270	0	0	0	0	0	0	0	0	0	0	0	0	0	0	0	0	0	0	0	0	0	0	0	0	0	0	0	0	0	0	0	0	0	0	0	0	0	0	122	0	7	0	0	0	0	0	0	0	0	0	0	0	0	0	0	0	0	0	0
merged_FUN_ITS_291	0	0	0	0	0	0	0	0	0	0	0	0	0	0	0	0	0	0	0	0	0	0	0	0	0	0	0	0	0	0	0	0	0	0	0	0	0	0	0	98	15	0	0	0	0	0	0	0	0	0	0	0	0	0	0	0	0	0	0
merged_FUN_ITS_292	0	0	0	0	0	0	0	0	0	0	0	0	0	0	0	0	3	0	0	30	0	0	0	0	0	0	0	0	0	44	0	0	5	0	0	0	0	0	0	0	0	0	0	0	0	0	0	0	0	0	0	0	0	29	0	0	0	0	0
merged_FUN_ITS_303	0	0	0	0	0	0	0	0	0	0	0	0	0	0	0	0	0	0	0	0	0	0	0	0	0	0	0	0	0	0	0	0	0	0	0	0	0	0	0	0	0	0	0	0	0	108	0	0	0	0	0	0	0	0	0	0	0	0	0
merged_FUN_ITS_304	0	0	0	0	0	0	5	0	47	0	0	0	0	4	0	0	0	0	0	28	0	0	0	0	0	0	0	4	0	0	0	0	0	0	0	0	0	0	0	0	0	0	6	0	0	0	0	20	0	0	0	0	0	0	0	0	0	0	0
merged_FUN_ITS_309	0	0	0	0	0	0	0	0	0	0	0	0	0	0	0	0	0	0	0	0	0	0	0	0	0	0	0	0	0	0	0	0	0	0	0	0	0	0	73	12	19	0	0	0	0	0	0	0	0	0	0	0	0	0	0	0	0	0	0
merged_FUN_ITS_326	0	0	0	0	0	0	0	0	0	0	0	0	0	0	0	0	0	0	0	0	0	96	0	0	0	0	0	0	0	0	0	0	0	0	0	0	0	0	0	0	0	0	0	0	0	0	0	0	0	0	0	0	0	0	0	0	0	0	0
merged_FUN_ITS_327	0	0	0	0	0	0	0	0	0	0	0	0	0	0	0	0	0	0	0	0	0	0	0	0	0	0	0	0	0	0	0	0	0	0	0	0	0	0	2	44	56	0	0	0	0	0	0	0	0	0	0	0	0	0	0	0	0	0	0
merged_FUN_ITS_341	0	0	0	0	0	0	0	0	0	0	0	0	0	0	0	0	0	0	0	0	0	0	0	0	0	0	0	0	0	0	0	0	0	0	0	0	0	0	12	37	56	0	0	0	0	0	0	0	0	0	0	0	0	0	0	0	0	0	0
merged_FUN_ITS_347	0	0	0	0	0	0	0	0	0	0	0	0	0	0	0	0	0	0	0	0	0	0	0	0	0	0	0	0	0	0	0	86	0	0	0	0	0	0	0	0	0	0	0	0	0	0	0	0	0	0	0	0	0	0	0	0	0	0	0
merged_FUN_ITS_349	0	0	0	0	0	0	0	0	0	0	0	0	0	0	0	0	0	0	0	0	0	0	0	0	0	0	0	0	0	0	0	0	0	0	0	0	0	0	85	0	0	0	0	0	0	0	0	0	0	0	0	0	0	0	0	0	0	0	0
merged_FUN_ITS_353	0	0	0	0	0	0	0	0	0	0	0	0	0	0	0	0	0	0	0	0	0	0	0	0	0	0	0	0	0	0	0	0	0	0	0	0	0	0	135	3	25	0	0	0	0	0	0	0	0	0	0	0	0	0	0	0	0	0	0
merged_FUN_ITS_359	0	0	31	0	0	0	6	0	5	0	0	0	0	0	0	0	0	0	0	0	0	0	0	0	0	0	0	0	0	0	0	0	0	0	0	0	0	0	0	0	0	46	0	0	0	0	0	0	0	0	0	0	0	0	0	0	0	0	0
merged_FUN_ITS_372	0	0	0	0	0	0	0	0	0	0	0	0	0	0	79	0	0	0	0	0	0	0	0	0	0	0	0	0	0	0	0	0	0	0	0	0	0	0	1	1	0	0	0	0	0	0	0	0	0	0	0	0	0	0	0	0	0	0	0
merged_FUN_ITS_375	0	0	0	0	0	0	0	0	0	0	0	0	0	0	0	0	0	0	0	0	0	0	0	0	0	0	0	0	0	0	0	0	0	0	0	0	0	0	78	0	0	0	0	0	0	0	0	0	0	0	0	0	0	0	0	0	0	0	0
merged_FUN_ITS_376	16	0	43	0	0	0	0	0	0	0	0	0	0	0	0	0	0	0	0	0	0	36	0	0	0	0	0	0	0	0	0	0	0	0	0	18	0	0	0	0	0	71	2	0	0	0	0	0	0	0	0	0	0	0	0	0	0	0	0
merged_FUN_ITS_388	0	0	0	0	0	0	0	0	0	0	0	0	0	0	0	0	0	0	0	0	0	10	0	0	0	0	0	0	0	0	0	0	0	0	0	4	0	0	0	34	40	0	0	0	0	0	0	0	0	0	0	0	0	0	0	0	0	0	0
merged_FUN_ITS_389	14	0	15	0	0	0	0	32	0	0	0	0	0	0	0	0	0	0	0	0	0	7	0	0	0	0	0	0	0	0	0	0	0	0	0	0	0	0	0	0	0	0	5	0	0	0	0	0	0	0	0	0	0	0	0	0	0	0	0
merged_FUN_ITS_391	0	0	0	0	0	0	0	0	0	0	0	0	0	0	0	0	0	0	0	0	0	73	0	0	0	0	0	0	0	0	0	0	0	0	0	0	0	0	10	0	0	0	0	0	0	0	0	0	0	0	0	0	0	0	0	0	0	0	0
merged_FUN_ITS_398	0	0	0	0	0	0	0	0	0	0	0	0	0	0	0	0	0	0	0	0	0	37	0	0	0	0	8	0	0	0	0	0	0	0	0	0	0	0	0	0	0	63	27	0	0	0	0	0	0	0	0	0	0	0	0	0	0	0	0
merged_FUN_ITS_406	0	0	0	0	0	0	0	0	0	0	0	0	0	0	0	0	0	0	0	0	0	0	0	0	0	0	0	0	0	0	0	0	0	0	0	0	0	0	20	0	0	59	0	0	0	0	0	0	0	0	0	0	0	0	0	0	0	0	0
merged_FUN_ITS_411	0	0	0	0	0	0	0	0	0	0	0	0	0	0	0	0	0	0	0	0	0	0	0	0	0	19	0	0	0	0	0	0	0	0	0	0	0	0	27	1	58	0	0	0	0	0	0	0	0	0	0	0	0	0	0	0	0	0	0
merged_FUN_ITS_420	0	0	0	0	0	0	0	0	0	0	0	0	0	0	0	0	0	0	0	0	0	0	0	0	0	0	0	0	0	0	0	0	0	0	0	0	0	0	29	0	0	39	0	0	0	0	0	0	0	0	0	0	0	0	0	0	0	0	0
merged_FUN_ITS_432	0	0	0	0	0	0	0	0	0	0	0	0	0	0	0	0	12	0	0	0	0	0	0	0	0	0	0	0	0	0	0	0	0	0	0	0	0	0	78	0	1	0	0	0	0	0	0	0	0	0	0	0	0	0	0	0	0	0	0
merged_FUN_ITS_436	0	0	0	0	0	0	0	0	0	0	0	0	0	0	0	0	0	0	0	0	0	0	0	0	0	0	0	0	0	0	0	0	0	0	0	0	0	0	58	6	0	4	0	0	0	0	0	0	0	0	0	0	0	0	0	0	0	0	0
merged_FUN_ITS_444	0	0	0	0	0	0	0	0	0	0	0	0	0	0	0	0	0	0	0	0	0	0	0	0	0	0	0	0	0	0	0	0	0	0	0	0	0	0	64	0	6	0	0	0	0	0	0	0	0	0	0	0	0	0	0	0	0	0	0
merged_FUN_ITS_451	0	0	0	0	0	0	0	0	0	0	0	0	0	0	0	0	0	0	0	0	0	0	0	0	0	0	0	0	0	0	0	0	0	0	0	0	0	0	46	6	0	10	0	0	0	0	0	0	0	0	0	0	0	0	0	0	0	0	0
merged_FUN_ITS_460	0	0	0	0	0	0	0	0	0	0	0	0	0	0	0	0	0	0	0	0	0	0	0	0	0	0	58	0	0	0	5	0	0	0	0	0	0	0	0	0	0	0	0	0	0	0	0	0	0	0	0	0	0	0	0	0	0	0	0
merged_FUN_ITS_484	0	0	0	0	0	0	12	0	0	0	0	0	0	0	0	0	0	0	0	0	0	53	0	0	0	0	0	0	0	0	0	0	0	0	0	0	0	0	0	0	0	0	0	0	0	0	0	0	0	0	0	0	0	0	0	0	0	0	0
merged_FUN_ITS_488	0	0	0	0	0	0	0	0	0	0	0	0	0	0	0	0	0	0	0	0	0	0	0	0	0	0	0	0	0	0	0	0	0	0	0	0	0	0	48	0	28	0	0	0	0	0	0	0	0	0	0	0	0	0	0	0	0	0	0
merged_FUN_ITS_499	0	0	16	0	0	0	0	0	0	0	0	0	0	0	0	0	0	0	0	0	0	0	0	0	0	0	0	0	0	0	0	0	0	0	0	0	0	0	50	0	0	0	0	0	0	0	0	0	0	0	0	0	0	0	0	0	0	0	0
merged_FUN_ITS_500	0	0	17	0	0	0	1	0	0	0	0	0	0	0	0	0	0	0	0	0	0	0	0	0	0	0	0	0	0	0	0	0	0	0	0	8	0	0	53	0	0	0	0	0	0	0	0	0	0	0	0	0	0	0	0	0	0	0	0
merged_FUN_ITS_501	0	0	0	0	0	0	0	0	0	0	0	0	0	0	0	0	0	0	0	0	0	0	0	0	0	0	0	0	0	0	0	0	0	0	0	0	0	0	0	31	19	0	0	0	0	0	0	0	0	0	0	0	0	0	0	0	0	0	0
merged_FUN_ITS_554	0	0	0	0	0	0	0	0	0	0	0	0	0	0	0	0	0	0	0	0	0	19	0	0	0	0	0	0	0	0	70	0	0	0	0	0	0	0	0	0	0	0	0	0	0	0	0	0	0	0	0	0	0	0	0	0	0	0	0
merged_FUN_ITS_561	0	0	0	0	0	0	0	0	0	0	0	0	0	0	0	0	0	0	0	0	0	0	0	0	0	0	0	0	0	0	0	0	0	0	0	0	0	0	41	0	0	0	0	0	0	0	0	0	0	0	0	0	0	0	0	0	0	0	0
merged_FUN_ITS_597	0	0	0	0	0	0	0	0	0	0	0	0	0	0	0	0	0	0	0	0	0	0	0	0	0	0	0	0	0	0	0	0	0	0	0	0	0	0	4	13	0	38	0	0	0	0	0	0	0	0	0	0	0	0	0	0	0	0	0
merged_FUN_ITS_603	0	0	0	0	0	0	0	0	0	0	0	0	0	0	0	0	0	0	0	35	0	0	0	0	0	0	0	0	0	0	0	0	0	0	0	0	0	0	0	0	0	0	0	0	0	0	0	0	0	0	0	0	0	0	0	0	0	0	0
merged_FUN_ITS_606	0	0	0	0	0	0	0	0	0	0	0	0	0	0	0	0	0	0	0	0	0	0	0	0	0	0	0	0	0	0	0	0	0	0	0	0	0	0	0	16	19	0	0	0	0	0	0	0	0	0	0	0	0	0	0	0	0	0	0
merged_FUN_ITS_622	0	0	0	0	0	0	0	0	0	0	0	0	0	0	0	0	0	0	0	0	0	0	0	0	0	0	0	0	0	0	0	0	0	0	0	0	0	0	47	0	0	0	0	0	0	0	0	0	0	0	0	0	0	0	0	0	0	0	0
merged_FUN_ITS_628	0	0	0	0	0	0	0	0	0	0	0	0	0	0	0	0	0	0	0	0	0	0	0	0	0	0	0	0	0	0	33	0	0	0	0	0	0	0	0	0	0	0	0	0	0	0	0	0	0	0	0	0	0	0	0	0	0	0	0
merged_FUN_ITS_637	0	0	27	0	0	0	0	0	0	0	0	0	0	0	0	0	0	0	0	0	0	0	0	0	0	0	0	0	0	0	0	0	0	0	0	0	0	0	0	0	0	5	0	0	0	0	0	0	0	0	0	0	0	0	0	0	0	0	0
merged_FUN_ITS_642	0	0	0	0	0	0	0	0	0	0	0	0	0	0	0	0	0	0	0	0	0	28	0	0	0	0	0	0	0	0	0	0	0	0	0	0	0	0	0	6	0	0	0	0	0	0	0	0	0	0	0	0	0	0	0	0	0	0	0
merged_FUN_ITS_646	0	0	0	0	0	0	0	0	0	0	0	0	0	0	0	0	0	0	0	0	0	0	0	0	0	0	0	0	0	0	0	0	0	0	0	0	0	0	33	0	0	0	0	0	0	0	0	0	0	0	0	0	0	0	0	0	0	0	0
merged_FUN_ITS_648	0	0	0	0	0	0	0	0	0	0	0	0	0	0	0	0	0	0	0	0	0	0	0	0	0	0	0	0	0	0	0	0	0	0	0	0	0	0	0	33	0	0	0	0	0	0	0	0	0	0	0	0	0	0	0	0	0	0	0
merged_FUN_ITS_653	0	0	0	0	0	0	0	0	0	0	0	0	0	0	0	0	0	0	0	0	0	0	0	0	0	0	0	0	0	0	31	0	0	0	0	0	0	0	0	0	0	0	0	0	0	0	0	0	0	0	0	0	0	0	0	0	0	0	0
merged_FUN_ITS_672	0	0	9	0	0	0	0	0	0	0	0	0	0	0	0	0	0	0	0	0	0	0	0	0	0	0	0	0	0	0	0	0	0	0	29	0	0	0	0	17	0	0	0	0	0	0	0	0	0	0	0	0	0	0	0	0	0	0	0
merged_FUN_ITS_674	0	0	0	0	0	0	0	0	0	0	0	0	0	0	0	0	0	0	0	0	0	0	0	0	0	0	0	0	0	0	0	0	0	0	0	0	0	0	29	0	0	0	0	0	0	0	0	0	0	0	0	0	0	0	0	0	0	0	0
merged_FUN_ITS_692	0	0	0	0	0	0	0	0	0	0	0	0	0	0	0	0	0	0	0	0	0	0	0	0	0	0	0	0	0	0	0	0	0	0	0	0	0	0	0	28	0	0	0	0	0	0	0	0	0	0	0	0	0	0	0	0	0	0	0
merged_FUN_ITS_717	0	0	0	0	0	0	0	0	0	0	0	0	0	0	0	0	0	0	0	0	0	0	0	0	0	0	0	0	0	0	0	0	0	0	0	0	0	0	26	0	0	0	0	0	0	0	0	0	0	0	0	0	0	0	0	0	0	0	0
merged_FUN_ITS_719	0	0	0	0	0	0	0	0	0	0	0	0	0	0	0	0	0	0	0	0	0	0	0	0	0	0	0	0	0	0	0	0	0	0	0	0	0	0	27	0	0	0	0	0	0	0	0	0	0	0	0	0	0	0	0	0	0	0	0
merged_FUN_ITS_723	0	0	1	0	0	0	0	0	0	0	0	0	0	0	0	0	0	0	0	0	0	3	0	0	0	0	1	0	0	0	0	0	0	0	0	0	0	0	3	9	17	0	0	0	0	0	0	0	0	0	0	0	0	0	0	0	0	0	0
merged_FUN_ITS_726	0	0	26	0	0	0	0	0	0	0	0	0	0	0	0	0	0	0	0	0	0	0	0	0	0	0	0	0	0	0	0	0	0	0	0	0	0	0	0	0	0	0	0	0	0	0	0	0	0	0	0	0	0	0	0	0	0	0	0
merged_FUN_ITS_734	0	0	0	0	0	0	0	0	0	0	0	0	0	0	0	0	0	0	0	0	0	0	0	0	0	0	0	0	0	0	0	0	0	0	0	0	0	0	0	0	20	5	0	0	0	0	0	0	0	0	0	0	0	0	0	0	0	0	0
merged_FUN_ITS_738	2	0	6	0	0	0	0	0	0	0	0	0	0	0	0	0	0	0	0	0	0	0	0	0	0	0	0	0	0	0	0	0	0	0	0	0	0	0	18	0	0	0	0	0	0	0	0	0	0	0	0	0	0	0	0	0	0	0	0
merged_FUN_ITS_763	0	0	0	0	0	0	0	0	0	0	0	0	0	0	0	0	0	0	0	0	0	0	0	0	0	0	0	0	0	0	0	0	0	0	0	0	0	0	24	0	0	0	0	0	0	0	0	0	0	0	0	0	0	0	0	0	0	0	0
merged_FUN_ITS_768	0	0	0	0	0	0	0	0	0	0	0	0	0	0	0	0	0	0	0	0	0	7	0	0	0	0	0	0	0	0	0	0	0	0	0	0	0	0	0	0	23	0	0	0	0	0	0	0	0	0	0	0	0	0	0	0	0	0	0
merged_FUN_ITS_777	0	0	22	0	0	0	0	0	0	0	0	0	0	0	0	0	0	0	0	0	0	12	0	0	0	0	0	0	0	0	0	0	0	0	0	13	0	0	0	0	0	0	0	0	0	0	0	0	0	0	0	0	0	0	0	0	0	0	0
merged_FUN_ITS_780	0	0	0	0	0	0	22	0	0	0	0	0	0	0	0	0	0	0	0	0	0	0	0	0	0	0	1	0	0	0	0	0	0	0	0	0	0	0	0	0	0	0	0	0	0	0	0	0	0	0	0	0	0	0	0	0	0	0	0
merged_FUN_ITS_793	0	0	0	0	0	0	0	0	0	0	0	0	0	0	0	0	0	0	0	0	0	0	0	0	0	0	0	0	0	0	0	0	0	0	0	0	0	0	0	5	0	0	0	0	0	21	0	0	0	0	0	0	0	0	0	0	0	0	0
merged_FUN_ITS_798	0	0	0	0	0	0	0	0	0	0	0	0	0	0	0	0	0	0	0	0	0	0	0	0	0	0	0	0	0	0	0	0	0	0	0	0	0	0	21	0	0	0	0	0	0	0	0	0	0	0	0	0	0	0	0	0	0	0	0
merged_FUN_ITS_816	0	0	0	0	0	0	0	0	0	0	0	0	0	0	0	0	0	0	0	0	0	0	0	0	0	0	0	0	0	0	0	0	0	0	0	0	0	0	20	0	0	0	0	0	0	0	0	0	0	0	0	0	0	0	0	0	0	0	0
merged_FUN_ITS_819	10	0	0	0	0	0	0	0	0	0	0	0	0	0	0	0	0	0	0	0	0	0	0	0	0	0	0	0	0	0	0	0	0	0	0	0	0	0	0	0	0	20	0	0	0	0	0	0	0	0	0	0	0	0	0	0	0	0	0
merged_FUN_ITS_833	0	0	1	0	0	0	1	0	0	0	0	0	0	0	0	0	0	0	0	0	0	0	0	0	0	0	0	0	0	0	22	0	0	0	0	0	0	0	0	0	1	0	0	0	0	0	0	0	0	0	0	0	0	0	0	0	0	0	0
merged_FUN_ITS_855	0	0	0	0	0	0	0	0	0	0	0	0	0	0	0	0	0	0	0	0	0	0	0	0	0	0	0	0	0	0	0	0	0	0	0	0	0	0	18	0	0	0	0	0	0	0	0	0	0	0	0	0	0	0	0	0	0	0	0
merged_FUN_ITS_869	0	0	0	0	0	0	0	0	0	0	0	0	0	0	0	0	0	0	0	0	0	0	0	0	0	0	0	0	0	0	0	0	0	0	0	0	0	0	17	0	0	0	0	0	0	0	0	0	0	0	0	0	0	0	0	0	0	0	0
merged_FUN_ITS_875	0	0	0	0	0	0	0	0	0	0	0	0	0	0	0	0	0	0	0	0	0	0	0	0	0	0	0	0	0	0	0	0	0	0	0	0	0	0	0	17	0	0	0	0	0	0	0	0	0	0	0	0	0	0	0	0	0	0	0
merged_FUN_ITS_879	0	0	0	0	0	0	0	0	0	0	0	0	0	0	0	0	0	0	0	0	0	0	0	0	0	0	0	0	0	0	0	0	0	0	0	0	0	0	0	0	0	17	0	0	0	0	0	0	0	0	0	0	0	0	10	0	0	0	0
merged_FUN_ITS_883	0	0	16	0	0	0	0	0	0	0	0	0	0	0	0	0	0	0	0	0	0	0	0	0	0	0	0	0	0	0	0	0	0	0	0	0	0	0	0	0	0	0	0	0	0	0	0	0	0	0	0	0	0	0	0	0	0	0	0
merged_FUN_ITS_892	0	0	0	0	0	0	0	0	0	0	0	0	0	0	0	0	0	0	0	0	0	0	0	0	0	0	0	0	0	0	0	0	0	0	0	0	0	0	16	0	0	0	0	0	0	0	0	0	0	0	0	0	0	0	0	0	0	0	0
merged_FUN_ITS_905	0	0	8	0	0	0	0	7	0	0	0	0	0	0	0	0	0	0	0	0	0	0	0	0	0	0	0	0	0	0	0	0	0	0	0	0	0	0	0	0	0	0	0	0	0	0	0	0	0	0	0	0	0	0	0	0	0	0	0
merged_FUN_ITS_914	0	0	0	0	0	0	0	0	0	0	0	0	0	0	0	0	0	0	0	0	0	0	0	0	0	6	0	0	0	0	0	0	0	0	0	0	0	0	0	0	0	0	9	0	0	0	0	0	0	0	0	0	0	0	0	0	0	0	0
merged_FUN_ITS_919	0	0	0	0	0	0	0	0	0	0	0	0	0	0	0	0	0	0	0	0	0	0	0	0	0	0	0	0	0	0	0	0	0	0	0	0	0	0	15	0	0	0	0	0	0	0	0	0	0	0	0	0	0	0	0	0	0	0	0
merged_FUN_ITS_933	0	0	0	0	0	0	0	0	0	0	0	0	0	0	0	0	0	0	0	0	0	0	0	0	0	0	0	0	0	0	0	0	0	0	0	0	0	0	0	0	4	11	0	0	0	0	0	0	0	0	0	0	0	0	0	0	0	0	0
merged_FUN_ITS_942	0	0	0	0	0	0	14	0	0	0	0	0	0	0	0	0	0	0	0	0	0	0	0	0	0	0	0	0	0	0	0	0	0	0	0	0	0	0	0	0	0	0	0	0	0	0	0	0	0	0	0	0	0	0	0	0	0	0	0
merged_FUN_ITS_966	0	0	0	0	0	0	0	0	0	0	0	0	0	0	0	0	0	0	0	0	0	0	0	0	0	0	0	0	0	0	0	0	0	0	0	0	0	0	0	0	0	14	0	0	0	0	0	0	0	0	0	0	0	0	0	0	0	0	0
merged_FUN_ITS_967	0	0	0	0	0	0	0	0	0	0	0	0	0	0	0	0	0	0	0	0	0	0	0	0	0	0	0	0	0	0	0	0	0	0	0	0	0	0	0	0	0	14	0	0	0	0	0	0	0	0	0	0	0	0	0	0	0	0	0
merged_FUN_ITS_974	0	0	0	13	0	0	0	0	0	0	0	0	0	0	0	0	0	0	0	0	0	0	0	0	0	0	0	0	0	0	0	0	0	0	0	0	0	0	0	0	0	0	0	0	0	0	0	0	0	0	0	0	0	0	0	0	0	0	0
merged_FUN_ITS_980	0	0	0	0	0	0	1	0	0	0	0	0	0	0	0	0	0	0	0	0	0	13	0	0	0	0	0	0	0	0	0	0	0	0	0	0	0	0	0	0	0	0	0	0	0	0	0	0	0	0	0	0	0	0	0	0	0	0	0
merged_FUN_ITS_983	0	0	0	0	0	0	0	0	0	0	0	0	0	0	0	0	0	0	0	0	0	0	13	0	0	0	0	0	0	0	0	0	0	0	0	0	0	0	0	0	0	0	0	0	0	0	0	0	0	0	0	0	0	0	0	0	0	0	0
merged_FUN_ITS_984	0	0	0	0	0	0	0	0	0	0	0	0	11	0	0	0	0	0	0	0	0	0	0	0	0	0	15	0	0	0	0	0	0	0	0	0	0	0	0	0	0	0	1	0	0	0	0	0	0	0	0	0	0	0	0	0	0	0	0
merged_FUN_ITS_992	0	0	0	0	0	0	0	0	0	0	0	0	0	0	0	0	0	0	0	0	0	0	0	0	0	3	0	0	0	0	0	0	0	0	0	0	0	0	14	0	0	0	0	0	0	0	0	0	0	0	0	0	0	0	0	0	0	0	0
merged_FUN_ITS_995	0	0	0	0	0	0	0	0	0	0	0	0	0	0	0	0	0	0	0	0	0	0	0	0	0	0	0	0	0	0	0	0	0	0	0	0	0	0	13	5	5	0	0	0	0	0	0	0	0	0	0	0	0	0	0	0	0	0	0
merged_FUN_ITS_996	0	0	0	0	0	0	0	0	0	0	0	0	0	0	0	0	0	0	0	0	0	0	0	0	0	0	0	0	0	0	0	0	0	0	0	0	0	0	14	0	0	0	0	0	0	0	0	0	0	0	0	0	0	0	0	0	0	0	0
merged_FUN_ITS_997	0	0	0	0	0	0	0	0	0	0	0	0	0	0	0	0	0	0	0	0	0	0	0	0	0	0	0	0	0	0	0	0	0	0	0	0	0	0	0	13	0	0	2	0	0	0	0	0	0	0	0	0	0	0	0	0	0	0	0
merged_FUN_ITS_1022	0	0	0	0	0	0	0	0	0	0	0	0	0	0	0	0	0	0	0	0	0	0	0	0	0	7	5	0	0	0	0	0	0	0	0	0	0	0	0	0	0	0	0	0	0	0	0	0	0	0	0	0	0	0	0	0	0	0	0
merged_FUN_ITS_1031	0	0	0	0	0	0	0	0	0	0	0	0	0	0	0	0	0	0	0	0	0	0	0	0	0	0	0	0	0	0	0	0	0	0	0	0	0	0	0	12	0	0	0	0	0	0	0	0	0	0	0	0	0	0	0	0	0	0	0
merged_FUN_ITS_1036	0	0	0	0	0	0	0	0	0	0	0	0	0	0	0	0	0	0	0	0	0	0	0	0	0	0	0	0	0	0	0	0	0	0	0	0	0	0	0	0	0	12	0	0	0	0	0	0	0	0	0	0	0	0	0	0	0	0	0
merged_FUN_ITS_1057	0	0	0	0	0	0	0	0	0	0	0	0	0	0	0	0	0	0	0	0	0	0	0	0	0	0	0	0	0	0	0	0	0	0	0	0	0	0	11	0	0	3	0	0	0	0	0	0	0	0	0	0	0	0	0	0	0	0	0
merged_FUN_ITS_1074	0	0	0	0	0	0	0	0	0	0	0	0	0	0	0	0	0	0	0	0	0	0	0	0	0	0	0	0	0	0	0	0	0	0	0	0	0	0	0	11	9	0	0	0	0	0	0	0	0	0	0	0	0	0	0	0	0	0	0
merged_FUN_ITS_1078	0	0	0	0	0	0	0	0	0	0	0	0	0	0	0	0	0	0	0	0	0	0	0	0	0	0	0	0	0	0	0	0	0	0	0	0	0	0	0	0	11	0	0	0	0	0	0	0	0	0	0	0	0	0	0	0	0	0	0
merged_FUN_ITS_1084	0	0	0	0	0	0	10	0	0	0	0	0	0	0	0	0	0	0	0	0	0	0	0	0	0	7	0	0	0	0	0	0	0	0	0	0	0	0	0	6	4	0	0	0	0	0	0	0	0	0	0	0	0	0	0	0	0	0	0
merged_FUN_ITS_1099	0	0	0	0	0	0	0	0	0	0	0	0	0	0	0	0	0	0	0	0	0	0	0	0	0	0	0	0	0	0	0	0	0	0	0	0	0	0	10	0	0	0	0	0	0	0	0	0	0	0	0	0	0	0	0	0	0	0	0
merged_FUN_ITS_1110	0	0	0	0	0	0	0	0	0	0	0	0	0	0	0	0	0	0	0	0	0	0	0	0	0	0	0	0	0	0	0	0	0	0	0	0	0	0	0	10	0	6	0	0	0	0	0	0	0	0	0	0	0	0	0	0	0	0	0
merged_FUN_ITS_1112	0	0	0	0	0	0	0	0	0	0	0	0	0	0	0	0	0	0	0	0	0	0	0	0	0	0	0	0	0	0	0	0	0	0	0	0	0	0	0	0	10	0	0	0	0	0	0	0	0	0	0	0	0	0	0	0	0	0	0
merged_FUN_ITS_1114	0	0	0	0	0	0	0	0	0	0	0	0	0	0	0	0	0	0	0	0	0	0	0	0	0	0	0	0	0	0	0	0	0	0	0	0	0	0	0	0	10	0	0	0	0	0	0	0	0	0	0	0	0	0	0	0	0	0	0
merged_FUN_ITS_1115	0	0	0	0	0	0	0	0	0	0	0	0	0	0	0	0	0	0	0	0	0	0	0	0	0	0	0	0	0	0	0	0	0	0	0	0	0	0	0	0	0	10	0	0	0	0	0	0	0	0	0	0	0	0	0	0	0	0	0
merged_FUN_ITS_1116	0	3	0	0	0	0	0	0	0	0	0	0	0	0	0	0	0	0	0	0	0	0	0	0	0	0	0	0	0	0	0	0	0	0	0	0	0	0	0	0	0	10	0	0	0	0	0	0	0	0	0	0	0	0	0	0	0	0	0
merged_FUN_ITS_1126	0	0	0	0	0	0	0	0	0	0	0	0	0	0	0	0	0	0	0	0	0	0	0	0	0	9	0	0	0	0	0	0	0	0	0	0	0	0	0	0	0	0	0	0	0	0	0	0	0	0	0	0	0	0	0	0	0	0	0
merged_FUN_ITS_1134	0	0	0	0	0	0	0	0	0	0	0	0	0	0	0	0	0	0	0	0	0	0	0	0	0	0	0	0	0	0	0	0	0	0	0	0	0	0	9	0	5	0	0	0	0	0	0	0	0	0	0	0	0	0	0	0	0	0	0
merged_FUN_ITS_1158	0	0	0	0	0	0	0	0	0	0	0	0	0	0	0	0	0	0	0	0	0	0	0	0	0	0	0	0	0	0	0	0	0	0	0	0	0	0	0	0	0	0	0	0	0	0	0	0	0	0	0	0	0	8	0	0	0	0	0
merged_FUN_ITS_1167	0	0	0	0	0	0	0	0	0	0	0	0	0	0	0	0	0	0	0	0	0	0	0	0	0	0	0	0	0	0	0	0	0	0	0	0	0	0	8	0	0	0	0	0	0	0	0	0	0	0	0	0	0	0	0	0	0	0	0
merged_FUN_ITS_1172	0	0	0	0	0	0	0	0	0	0	0	0	0	0	0	0	0	0	0	0	0	0	0	0	0	0	0	0	0	0	0	0	0	0	0	0	0	0	0	8	0	0	0	0	0	0	0	0	0	0	0	0	0	0	0	0	0	0	0
merged_FUN_ITS_1182	0	0	0	0	0	0	7	0	0	0	0	0	0	0	0	0	0	0	0	0	0	0	0	0	0	0	0	0	0	0	0	0	0	0	0	0	0	0	0	0	0	0	0	0	0	0	0	0	0	0	0	0	0	0	0	0	0	0	0
merged_FUN_ITS_1186	0	0	0	0	0	0	0	0	0	0	0	0	0	0	0	0	0	0	0	0	0	7	0	0	0	0	0	0	0	0	0	0	0	0	0	0	0	0	0	0	0	0	0	0	0	0	0	0	0	0	0	0	0	0	0	0	0	0	0
merged_FUN_ITS_1197	0	0	0	0	0	0	0	0	0	0	0	0	0	0	0	0	0	0	0	0	0	0	0	0	0	0	0	0	0	0	0	0	0	0	0	0	0	0	7	0	0	0	0	0	0	0	0	0	0	0	0	0	0	0	0	0	0	0	0
merged_FUN_ITS_1202	0	0	0	0	0	0	0	0	0	0	0	0	0	0	0	0	0	0	0	0	0	0	0	0	0	0	0	0	0	0	0	0	0	0	0	0	0	0	0	7	0	0	0	0	0	0	0	0	0	0	0	0	0	0	0	0	0	0	0
merged_FUN_ITS_1231	0	0	0	0	0	0	0	0	0	0	0	0	0	0	0	0	0	0	0	0	0	6	0	0	0	0	0	0	0	0	0	0	0	0	0	0	0	0	0	0	3	0	0	0	0	0	0	0	0	0	0	0	0	0	0	0	0	0	0
merged_FUN_ITS_1243	0	0	0	0	0	0	0	0	0	0	0	0	0	0	0	0	0	0	0	0	0	0	0	0	0	0	0	0	0	0	0	0	0	0	0	0	0	0	0	6	0	0	0	0	0	0	0	0	0	0	0	0	0	0	0	0	0	0	0
merged_FUN_ITS_1261	0	0	0	0	0	0	5	0	0	0	0	0	0	0	0	0	0	0	0	0	0	0	0	0	0	0	0	0	0	0	0	0	0	0	0	0	0	0	0	0	0	0	0	0	0	0	0	0	0	0	0	0	0	0	0	0	0	0	0
merged_FUN_ITS_1287	0	0	0	0	0	0	0	0	0	0	0	0	0	0	0	0	0	0	0	0	0	0	0	0	0	0	0	0	0	0	0	0	0	0	0	0	0	0	3	0	0	5	0	0	0	0	0	0	0	0	0	0	0	0	0	0	0	0	0
merged_FUN_ITS_1290	0	0	0	0	0	0	0	0	0	0	0	0	0	0	0	0	0	0	0	0	0	0	0	0	0	0	0	0	0	0	0	0	0	0	0	0	0	0	0	0	0	5	0	0	0	0	0	0	0	0	0	0	0	0	0	0	0	0	0
merged_FUN_ITS_1291	4	0	0	0	0	0	0	0	0	0	0	0	0	0	0	0	0	0	0	0	0	0	0	0	0	0	0	0	0	0	0	0	0	0	0	0	0	0	0	0	0	0	0	0	0	0	0	0	0	0	0	0	0	0	0	0	0	0	0
merged_FUN_ITS_1298	0	0	0	0	0	0	0	0	0	0	0	0	0	0	0	0	0	0	0	0	0	4	0	0	0	0	0	0	0	0	0	0	0	0	0	0	0	0	0	0	0	0	0	0	0	0	0	0	0	0	0	0	0	0	0	0	0	0	0
merged_FUN_ITS_1325	0	0	0	0	0	0	0	0	0	0	0	0	0	0	0	0	0	0	0	0	0	0	0	0	0	0	0	0	0	0	0	0	0	0	0	0	0	0	0	0	0	0	4	0	0	0	0	0	0	0	0	0	0	0	0	0	0	0	0
reverse_FUN_ITS_38	0	0	0	0	0	0	0	0	0	0	0	0	0	0	0	0	0	0	0	0	0	0	0	0	0	0	2	0	0	0	0	0	0	0	0	0	0	0	3	2	5	0	0	0	0	0	0	0	0	0	0	0	0	0	0	0	0	0	0
reverse_FUN_ITS_136	0	0	0	0	0	0	0	0	0	0	0	0	0	0	0	0	0	0	0	0	0	0	0	0	0	0	0	0	0	0	0	0	0	0	0	0	0	0	5	0	0	0	0	0	0	0	0	0	0	0	0	0	0	0	0	0	0	0	0