label	Group	numOtus	SP1	SP2	SP3	SP4	SP5	SP6	SP7	SP8	SP9	SP10	SP11	SP12	SP13	SP14	SP15	SP16	SP17	SP18	SP19	SP20	SP21	SP22	SP23	SP24	SP25	SP26	SP27	SP28	SP29	SP30	SP31	SP32	SP33	SP34	SP35	SP36	SP37	SP38	SP39	SP40	SP41	SP42	SP43	SP44	SP45	SP46	SP47	SP48	SP49	SP50	SP51	SP52	SP53	SP54	SP55	SP56	SP57	SP58	SP59	SP60	SP61	SP62	SP63	SP64	SP65	SP66	SP67	SP68	SP69	SP70	SP71	SP72	SP73	SP74	SP75	SP76	SP77	SP78	SP79	SP80	SP81	SP82	SP83	SP84	SP85	SP86	SP87	SP88	SP89	SP90	SP91	SP92	SP93	SP94	SP95	SP96	SP97	SP98	SP99	SP100	SP101	SP102	SP103	SP104	SP105	SP106	SP107	SP108	SP109	SP110	SP111	SP112	SP113	SP114	SP115	SP116	SP117	SP118	SP119	SP120	SP121	SP122	SP123	SP124	SP125	SP126	SP127	SP128	SP129	SP130	SP131	SP132	SP133	SP134	SP135	SP136	SP137	SP138	SP139	SP140	SP141	SP142	SP143	SP144	SP145	SP146	SP147	SP148	SP149	SP150	SP151	SP152	SP153	SP154	SP155	SP156	SP157	SP158	SP159	SP160	SP161	SP162	SP163	SP164	SP165	SP166	SP167	SP168	SP169	SP170	SP171	SP172	SP173	SP174	SP175	SP176	SP177	SP178	SP179	SP180
0.03	FUN_ITS_1_1_S1_L001	180	0	6	1017	19	0	0	29	498	406	1457	0	821	1	0	196	71	0	0	164	301	52	15	32	0	0	0	2	518	20	0	15	0	0	0	24	0	11	0	12	0	0	0	0	295	0	13	0	0	0	0	0	0	64	0	0	0	0	0	0	0	0	27	0	104	0	0	0	0	5	0	0	0	0	0	0	0	6	0	0	0	0	0	0	0	0	0	0	0	0	0	0	0	12	0	0	1	0	0	0	0	0	0	0	0	0	0	0	0	0	0	0	0	0	0	0	0	0	0	0	0	0	22	0	0	0	0	1	0	0	0	0	0	0	0	0	0	0	14	0	0	0	1	0	0	0	0	0	0	0	0	0	0	0	0	10	0	0	0	0	0	0	0	0	0	0	0	7	0	0	0	0	0	5	0	0	0	0	0	0	0
0.03	FUN_ITS_1_10_S10_L001	180	0	0	1185	113	0	0	0	213	19	44	0	23	19	0	12	29	0	0	0	0	0	0	0	0	0	0	0	16	17	0	0	0	0	0	0	0	0	0	0	0	0	0	284	0	0	0	0	0	0	0	0	0	0	0	0	0	0	0	0	0	0	0	0	0	0	0	0	0	0	0	0	0	0	0	0	0	0	0	0	16	0	14	0	0	0	0	0	0	0	0	0	0	0	0	0	0	0	0	0	0	0	0	0	0	0	0	0	0	0	0	0	0	0	0	0	0	0	2	0	0	0	0	0	0	0	10	0	0	0	0	0	0	0	0	0	0	0	0	0	0	0	0	0	0	0	0	0	0	0	0	0	0	0	0	0	0	0	0	0	0	0	0	0	0	0	0	0	0	0	0	0	0	0	0	0	4	0	0	0	0
0.03	FUN_ITS_1_11_S11_L001	180	0	0	0	0	0	0	0	0	0	0	0	27	0	0	13	0	0	0	0	0	0	4	0	0	0	0	10	4	0	0	0	0	0	0	0	0	15	0	0	0	0	0	0	0	0	0	0	0	0	0	0	0	0	0	0	0	0	0	0	0	0	0	0	0	0	0	0	108	0	0	0	0	0	0	0	0	0	0	0	0	0	0	0	0	0	0	0	0	0	0	0	0	0	0	0	0	0	0	0	0	0	0	0	0	0	0	0	0	0	0	0	0	0	0	0	0	0	0	0	0	0	0	21	0	0	0	0	0	0	0	0	0	0	0	0	0	0	0	0	0	0	0	0	0	0	0	0	0	0	0	0	0	0	0	0	0	0	0	0	0	0	0	0	0	0	0	0	0	0	0	0	0	0	0	0	0	0	0	0	0
0.03	FUN_ITS_1_15_S15_L001	180	0	0	320	32	0	0	0	129	196	0	0	1375	18	0	1385	45	0	0	0	0	28	0	26	0	0	0	0	45	67	0	0	0	0	0	0	0	18	0	34	0	0	0	0	0	0	30	0	13	22	0	0	0	38	0	0	0	0	0	0	0	0	25	0	0	0	0	0	0	0	0	0	0	0	0	0	0	31	0	0	43	0	15	0	0	0	0	0	0	0	0	0	0	0	0	16	17	0	0	0	0	0	0	0	0	27	0	0	0	0	9	0	0	0	0	1	26	0	6	0	0	22	0	0	0	0	0	1	0	0	0	0	16	0	8	0	0	0	0	0	0	0	0	0	0	0	0	0	0	0	0	0	0	0	0	0	0	0	0	0	0	0	0	0	0	0	0	0	0	0	0	0	0	0	0	0	0	0	0	0	0
0.03	FUN_ITS_1_20_S20_L001	180	0	0	51	0	0	0	0	0	5	26	0	135	0	0	115	25	6	0	0	0	0	0	0	0	0	0	0	0	0	0	0	11	0	0	0	0	34	0	0	0	0	0	0	0	0	58	0	0	59	0	0	0	0	0	0	0	0	11	0	0	0	27	0	0	0	0	0	0	0	0	0	0	0	0	0	0	0	0	0	0	0	32	0	0	0	0	0	0	0	0	0	0	0	0	0	0	0	0	0	0	0	0	0	0	0	0	0	0	0	0	0	0	0	0	0	0	0	0	0	0	0	0	0	0	0	0	0	0	0	0	0	0	0	7	0	0	0	0	0	0	0	0	0	0	0	0	0	0	0	0	0	0	0	0	0	0	0	0	0	0	0	0	0	0	0	0	0	0	0	0	0	0	0	0	0	0	0	0	0	0
0.03	FUN_ITS_1_23_S23_L001	180	0	0	0	0	0	0	0	0	0	0	0	0	0	0	7	0	462	0	0	0	0	0	0	0	0	0	0	0	0	0	0	0	0	0	0	0	0	0	0	0	0	0	0	0	0	0	0	0	0	0	0	0	0	0	0	0	0	0	0	0	0	0	0	0	0	0	0	0	0	0	0	0	0	0	0	0	0	0	0	0	0	0	0	0	0	0	0	0	0	0	0	0	0	0	0	0	0	0	0	0	0	0	0	0	0	0	0	0	0	0	0	0	0	0	0	0	0	0	0	0	0	0	0	0	0	0	0	0	0	0	0	0	0	0	0	0	0	0	0	0	0	0	0	0	0	0	0	0	0	0	0	0	0	0	0	0	0	0	0	0	0	0	0	0	0	0	0	0	0	0	0	0	0	0	0	0	0	0	0	0
0.03	FUN_ITS_1_25_S25_L001	180	0	0	29	0	0	0	0	23	0	0	0	308	10	0	44	55	0	0	0	20	39	0	12	0	0	0	0	5	12	0	0	4	0	0	3	0	0	0	0	0	0	0	0	0	0	0	0	0	0	0	0	0	0	0	0	0	0	0	0	0	0	13	0	0	0	0	0	0	0	0	0	0	0	0	0	0	0	0	0	0	0	0	0	0	0	0	0	0	0	0	0	0	0	0	0	0	0	0	0	0	0	0	0	0	0	0	0	0	0	0	0	0	0	0	0	0	0	0	0	0	0	0	0	0	0	0	0	0	0	0	0	0	0	0	0	0	0	0	0	0	0	0	0	11	0	0	0	0	0	0	0	0	0	0	0	0	0	0	0	0	0	0	0	0	0	0	0	0	0	0	0	0	0	0	0	0	0	0	0	0
0.03	FUN_ITS_1_28_S28_L001	180	0	0	0	0	0	0	0	0	0	0	0	0	0	0	0	0	0	0	0	0	0	0	905	0	0	0	0	0	0	1	0	129	0	0	0	0	0	0	0	0	0	0	324	0	0	0	0	0	0	0	0	0	0	0	0	0	0	0	0	0	0	0	0	0	0	0	0	0	0	0	0	0	0	0	0	0	0	79	0	0	0	0	0	0	0	0	0	0	0	0	0	0	0	0	0	0	0	0	0	0	0	0	0	0	0	0	0	0	0	0	0	0	0	0	0	0	0	0	0	0	0	0	0	0	0	0	0	0	0	0	0	0	0	0	0	0	0	0	0	0	0	0	0	0	0	0	0	0	0	0	0	0	0	0	0	0	0	0	0	0	0	0	0	0	0	0	0	0	0	0	0	0	0	0	0	0	0	0	0	0
0.03	FUN_ITS_1_3_S3_L001	180	0	0	0	0	0	0	0	0	0	0	0	17	9	0	131	0	0	0	0	0	0	0	0	0	0	0	0	16	0	0	0	0	0	0	0	181	0	0	0	0	0	0	0	0	0	0	0	0	0	0	0	0	0	0	0	0	0	0	0	0	0	0	0	0	0	0	0	0	0	0	0	0	0	0	0	0	0	0	0	0	0	0	0	0	0	19	0	0	0	0	0	0	0	0	0	0	0	0	0	0	0	0	0	0	0	0	0	0	0	0	0	0	0	0	0	0	0	0	0	0	0	0	0	0	0	0	0	0	0	0	0	0	0	0	6	0	0	0	0	0	0	0	0	0	3	0	0	0	7	0	0	0	0	0	7	0	0	0	0	0	0	9	0	0	0	0	0	0	0	0	0	0	0	0	0	0	0	0	0	0
0.03	FUN_ITS_1_30_S30_L001	180	0	0	108	0	0	0	0	0	0	4	0	0	90	0	0	0	0	0	0	76	0	0	0	0	0	0	0	0	0	0	0	54	0	0	0	0	0	0	27	0	0	0	0	0	0	0	0	0	0	0	0	0	0	0	0	0	0	0	0	0	0	0	0	0	0	0	3	0	0	0	0	0	0	0	0	0	0	0	0	0	0	0	0	0	0	0	0	12	0	0	0	0	0	0	0	0	0	0	0	0	0	0	0	0	0	0	0	0	0	0	0	0	0	0	0	0	0	0	0	0	0	0	0	0	0	0	0	0	0	0	0	0	0	0	0	0	0	0	0	0	0	0	0	0	0	0	0	0	0	0	0	0	0	0	0	0	0	0	0	0	0	0	0	0	0	0	0	0	0	0	0	0	0	0	0	0	0	0	0	0
0.03	FUN_ITS_1_31_S31_L001	180	0	0	0	1	0	0	0	0	0	0	0	0	555	0	0	0	0	0	0	0	0	0	0	0	0	0	0	0	0	0	0	0	0	0	0	0	0	0	0	0	0	0	0	0	0	0	0	0	0	0	0	0	0	0	0	0	0	0	0	0	0	0	0	0	0	0	0	0	0	0	0	0	0	0	0	0	0	0	0	0	0	0	0	0	0	0	0	0	0	0	0	0	0	0	0	0	0	0	0	0	0	0	0	0	0	0	0	0	0	0	0	0	0	0	0	0	0	0	0	0	0	0	0	0	0	0	0	0	0	0	0	0	0	0	0	0	0	0	0	0	0	0	0	0	0	0	0	0	0	0	0	0	0	0	0	0	0	0	0	0	0	0	0	0	0	0	0	0	0	0	0	0	0	0	0	0	0	0	0	0
0.03	FUN_ITS_1_33_S33_L001	180	0	0	346	607	0	0	0	0	1878	217	0	105	292	0	32	1036	0	0	106	0	0	64	44	0	0	0	0	62	30	0	0	0	0	0	455	13	0	0	0	0	0	0	0	0	0	80	0	0	49	0	0	0	0	0	0	0	0	0	0	0	0	0	0	68	0	0	30	0	28	0	0	0	0	0	0	0	0	0	0	0	0	0	0	0	0	0	0	0	0	0	0	0	0	0	0	0	0	0	0	0	35	0	0	0	0	0	0	0	0	0	0	0	0	0	0	0	0	0	0	0	0	0	0	0	0	0	0	0	0	0	0	0	0	0	0	0	0	0	0	0	0	0	0	0	0	0	0	0	0	0	0	0	0	0	0	0	0	0	0	0	0	0	0	0	0	0	0	0	0	0	0	0	0	0	0	0	0	0	0	0
0.03	FUN_ITS_1_35_S35_L001	180	0	0	4985	0	0	0	2872	2103	534	0	86	945	2766	0	192	0	0	0	1405	888	0	39	52	0	0	0	0	371	295	0	347	625	0	0	0	0	37	0	370	0	0	0	0	16	0	27	0	0	0	0	0	194	0	0	0	0	6	95	0	198	0	76	0	54	0	0	0	0	0	0	96	0	0	0	0	0	0	0	0	36	10	7	73	37	0	0	0	0	0	0	0	0	53	0	0	0	0	19	0	0	0	0	0	0	0	28	0	0	0	0	0	0	0	0	3	0	0	0	0	7	12	0	0	0	0	0	0	0	0	0	0	0	0	0	0	0	0	0	0	0	0	13	0	0	0	0	0	0	0	0	0	0	0	0	0	0	0	0	0	0	0	0	0	0	0	0	0	7	0	0	6	0	0	0	0	0	4	0	0	0
0.03	FUN_ITS_1_40_S40_L001	180	0	0	417	12147	0	0	106	114	60	36	2327	100	69	0	37	0	20	0	8	44	29	1	0	0	0	0	0	92	12	0	0	80	0	0	0	0	0	0	0	0	0	0	0	0	0	415	0	0	0	0	0	0	0	0	0	0	0	0	0	0	0	0	0	16	0	0	0	0	0	0	0	0	0	0	0	0	0	0	0	0	0	0	0	8	0	0	0	0	0	0	0	58	0	0	0	0	0	0	0	0	0	0	0	0	0	0	0	0	0	0	0	0	0	0	1	0	0	0	0	0	0	1	0	0	0	0	0	0	0	0	0	0	0	0	0	0	0	0	0	0	0	0	0	15	0	0	0	0	5	0	0	0	0	0	0	0	0	0	0	0	0	0	0	0	0	0	0	0	0	0	0	0	0	0	0	0	0	0	2	0
0.03	FUN_ITS_1_47_S47_L001	180	0	0	34	0	0	0	0	334	6	1	0	210	34	0	0	37	0	0	0	28	67	869	0	0	0	0	0	48	0	0	0	0	0	0	0	0	0	0	0	0	0	0	0	2	0	0	0	84	0	0	0	0	0	0	0	0	0	12	0	0	0	0	0	0	0	0	0	0	0	0	0	0	0	0	0	0	0	0	0	0	0	0	0	0	0	0	0	0	0	0	0	5	0	0	0	0	0	70	0	0	0	0	0	33	0	0	0	0	31	0	0	0	0	0	0	0	0	0	0	0	0	0	0	0	0	0	22	0	0	0	0	0	0	0	0	0	0	0	0	0	0	0	0	0	0	0	0	0	0	0	0	0	0	0	0	0	0	0	0	0	0	0	0	0	0	0	0	0	0	0	0	0	0	0	0	0	0	0	0	0
0.03	FUN_ITS_1_48_S48_L001	180	0	0	66	0	0	0	0	0	0	0	0	0	96	0	72	0	0	0	0	0	18	0	0	0	0	0	0	0	0	0	0	0	0	0	0	0	0	0	0	0	0	0	0	0	0	0	0	0	0	0	0	0	0	0	0	1	0	0	0	0	0	0	0	0	0	0	0	0	0	0	0	0	0	86	0	0	0	0	0	0	0	0	0	0	0	0	0	0	0	0	0	0	0	0	0	0	0	0	0	0	0	0	0	0	0	0	0	0	0	0	0	0	0	0	0	0	0	0	0	0	0	0	0	0	0	0	0	0	0	0	0	0	0	0	0	0	0	0	0	0	0	0	0	0	0	0	0	0	0	0	0	0	0	0	0	0	0	0	0	0	0	0	0	0	0	0	0	0	0	0	0	0	0	0	0	0	0	0	0	0
0.03	FUN_ITS_1_5_S5_L001	180	0	0	49	35	0	0	41	29	109	0	0	298	0	0	134	0	0	0	0	26	0	0	0	0	0	0	21	3	42	0	0	0	0	0	66	0	20	0	0	0	0	0	0	0	0	0	0	0	0	0	153	0	0	0	0	178	0	37	0	0	0	0	0	0	0	0	0	0	6	0	0	0	0	0	0	0	0	0	0	2	0	5	0	27	0	0	0	0	0	0	0	0	0	0	0	0	0	0	0	0	0	0	0	0	0	0	0	0	0	0	0	0	0	0	0	0	0	0	0	0	0	0	0	0	0	0	0	0	0	0	0	0	0	0	9	0	0	0	0	0	0	0	0	1	0	0	0	2	0	0	0	0	0	0	0	0	0	0	0	0	0	0	0	0	0	0	0	0	0	0	0	0	0	0	0	0	0	4	0	0
0.03	FUN_ITS_1_51_S51_L001	180	0	2	29	1370	0	0	0	37	81	246	0	186	0	0	0	53	3	0	0	0	0	0	0	0	0	0	0	19	37	0	0	0	0	0	0	0	0	0	0	0	0	0	0	24	0	7	0	0	0	0	0	0	0	0	0	0	0	0	0	0	0	0	0	0	0	0	0	0	0	0	0	0	0	0	0	0	0	0	0	18	4	0	0	0	0	0	0	0	0	0	0	0	0	0	0	8	0	0	0	0	0	0	0	0	0	0	0	0	0	0	0	0	0	0	0	0	0	0	0	0	13	0	0	0	0	0	0	0	0	0	0	0	0	0	0	0	0	0	0	0	0	0	0	0	0	0	0	0	0	0	0	0	0	0	0	0	0	0	0	0	0	0	0	0	0	0	0	0	0	0	0	0	0	0	0	0	0	0	0	0
0.03	FUN_ITS_1_55_S55_L001	180	0	0	0	0	13	0	0	0	0	0	0	0	247	0	0	0	0	0	0	0	0	0	0	0	0	0	0	0	0	0	0	0	0	0	0	0	0	0	0	0	0	0	0	0	0	0	0	0	0	0	0	0	0	0	0	0	0	0	0	0	0	0	0	0	0	0	0	0	0	0	0	0	0	0	0	0	0	0	0	0	0	0	0	0	0	0	0	0	0	0	0	0	0	0	0	0	0	0	0	0	0	0	0	0	0	0	0	0	0	0	0	0	0	0	0	0	0	0	0	0	0	0	0	0	0	0	0	0	0	0	0	0	0	0	0	0	0	0	0	0	0	0	0	0	0	0	0	0	0	0	0	0	0	0	0	0	0	0	0	0	0	0	0	0	0	0	0	0	0	0	0	0	0	0	0	0	0	0	0	0
0.03	FUN_ITS_1_56_S56_L001	180	5	0	616	392	49	1586	312	289	2561	80	0	28	48	1500	1253	42	1619	1471	20	0	327	18	9	827	406	363	612	47	0	484	22	416	460	0	0	19	87	297	30	4	320	321	0	42	297	36	280	206	212	200	2	0	0	181	180	0	0	0	3	0	104	0	0	0	122	0	0	0	0	73	0	2	12	0	85	135	0	1	78	0	0	0	10	0	20	27	29	78	58	64	46	0	0	48	50	53	0	0	41	4	0	0	47	0	0	0	33	0	0	0	29	0	26	27	3	0	0	18	24	0	0	0	0	21	20	0	0	18	17	0	0	0	16	0	0	15	0	0	0	0	0	0	0	0	14	13	14	0	0	0	0	11	0	0	0	10	0	0	0	0	0	0	9	0	8	0	0	0	7	0	0	0	0	3	0	0	0	0	3	5
0.03	FUN_ITS_1_57_S57_L001	180	3	3	448	0	4544	520	467	142	1622	403	0	13	24	83	863	29	98	27	31	0	319	0	0	46	176	239	86	21	13	11	98	260	7	465	0	0	172	106	0	60	13	10	0	104	37	0	63	0	0	0	0	0	99	0	0	0	0	0	154	45	0	13	0	7	0	98	0	0	0	12	0	44	37	0	0	3	0	1	0	0	34	0	0	0	0	1	0	0	6	0	6	0	0	0	0	0	31	0	0	13	0	16	0	0	0	6	0	33	0	17	0	28	0	0	9	0	0	0	0	0	0	0	5	0	0	0	0	0	0	17	0	0	0	0	0	0	0	0	0	0	0	0	0	0	0	5	0	13	0	12	0	0	11	0	6	0	10	0	0	0	0	0	0	0	0	8	0	0	0	7	0	6	0	0	0	0	0	0	2	0
0.03	FUN_ITS_1_58_S58_L001	180	6	0	5000	0	783	1838	679	770	180	94	0	37	29	25	95	18	140	8	0	0	506	0	0	466	73	63	141	107	0	0	1	69	0	0	0	0	11	201	0	472	22	0	0	2	0	11	40	0	0	0	0	0	87	0	0	0	28	0	0	7	0	0	0	0	7	15	0	0	0	19	0	56	56	0	0	25	0	0	0	0	40	0	0	0	0	58	0	1	0	6	0	0	0	28	0	0	19	0	0	0	0	19	0	0	0	0	0	0	0	0	0	0	0	0	17	0	20	0	0	23	0	0	0	0	0	0	1	0	0	0	0	0	0	0	0	0	4	0	0	0	0	0	0	0	0	5	0	0	0	0	0	0	9	11	4	0	0	10	10	0	0	0	5	0	0	0	0	0	0	0	3	0	0	0	0	0	0	0	5	0
0.03	FUN_ITS_1_59_S59_L001	180	1	0	1003	0	0	0	10	117	34	0	0	661	25	0	1378	14	0	0	0	0	0	0	140	0	172	37	103	10	0	0	11	24	0	0	0	0	29	8	0	0	0	0	0	18	29	0	0	0	84	3	38	108	0	1	0	0	222	0	0	23	43	59	135	0	0	0	0	0	0	0	0	0	0	0	0	0	46	0	0	71	0	0	0	63	59	0	39	0	4	0	10	0	0	0	0	0	0	0	0	38	0	0	0	0	5	0	0	0	0	0	0	0	0	0	0	0	5	0	0	0	0	0	0	0	0	20	0	0	0	0	17	0	0	0	0	0	11	0	14	14	0	0	0	0	0	0	0	0	0	0	12	3	0	0	0	0	6	0	0	10	10	0	0	0	0	0	0	0	0	0	0	0	0	5	5	0	0	0	0	0
0.03	FUN_ITS_1_6_S6_L001	180	0	0	0	0	0	0	0	0	0	0	0	0	7	0	20	0	0	0	0	0	0	0	0	0	0	0	0	0	0	0	0	0	0	0	0	185	0	0	0	0	0	0	0	0	0	0	0	0	0	0	0	0	0	0	0	0	0	0	0	0	0	0	0	0	0	0	0	0	0	0	0	0	0	0	0	0	0	0	0	0	0	0	0	0	0	0	0	0	0	0	0	0	0	0	0	0	0	0	0	0	0	0	0	0	0	0	0	0	0	0	0	0	0	0	0	0	0	0	0	0	0	0	0	0	0	0	0	0	0	0	0	0	0	0	0	0	0	0	0	0	0	0	0	0	0	0	0	0	0	0	0	0	0	0	0	0	0	0	0	0	0	0	0	0	0	0	0	0	0	0	0	0	0	0	0	0	0	0	0	0