label	Group	numOtus	SP1	SP2	SP3	SP4	SP5	SP6	SP7	SP8	SP9	SP10	SP11	SP12	SP13	SP14	SP15	SP16	SP17	SP18	SP19	SP20	SP21	SP22	SP23	SP24	SP25	SP26	SP27	SP28	SP29	SP30	SP31	SP32	SP33	SP34	SP35	SP36	SP37	SP38	SP39	SP40	SP41	SP42	SP43	SP44	SP45	SP46	SP47	SP48	SP49	SP50	SP51	SP52	SP53	SP54	SP55	SP56	SP57	SP58	SP59	SP60	SP61	SP62	SP63	SP64	SP65	SP66	SP67	SP69	SP72	SP73	SP75	SP76	SP77	SP78	SP80	SP81	SP82	SP83	SP84	SP85	SP86	SP87	SP88	SP90	SP92	SP93	SP94	SP95	SP96	SP98	SP99	SP100	SP101	SP102	SP104	SP105	SP108	SP109	SP112	SP116	SP117	SP118	SP121	SP126	SP127	SP130	SP132	SP134	SP135	SP137	SP138	SP140	SP144	SP145	SP146	SP148	SP149	SP153	SP154	SP155	SP157	SP162	SP170	SP174	SP176	SP178
0.03	FUN_ITS_1_10_S10_L001	126	0	0	223	21	0	0	0	31	5	7	0	5	1	0	2	5	0	0	0	0	0	0	0	0	0	0	0	6	3	0	0	0	0	0	0	0	0	0	0	0	0	0	52	0	0	0	0	0	0	0	0	0	0	0	0	0	0	0	0	0	0	0	0	0	0	0	0	0	0	0	0	0	0	0	1	0	3	0	0	0	0	0	0	0	0	0	0	0	0	0	0	0	0	0	0	0	0	0	0	0	0	1	0	2	0	0	0	0	0	0	0	0	0	0	0	0	0	0	0	0	0	0	0	0	2	0
0.03	FUN_ITS_1_15_S15_L001	126	0	0	31	2	0	0	0	10	25	0	0	114	1	0	132	3	0	0	0	0	2	0	1	0	0	0	0	6	7	0	0	0	0	0	0	0	1	0	4	0	0	0	0	0	0	3	0	2	2	0	0	0	2	0	0	0	0	0	0	0	0	2	0	0	0	0	0	0	0	0	0	0	7	0	4	0	1	0	0	0	0	0	0	0	0	0	0	2	0	0	0	0	0	0	0	3	0	0	0	2	0	0	0	0	0	0	1	0	0	0	0	0	0	0	0	0	0	0	0	0	0	0	0	0	0	0
0.03	FUN_ITS_1_1_S1_L001	126	0	0	54	1	0	0	3	23	24	95	0	47	0	0	15	4	0	0	9	18	4	0	3	0	0	0	0	29	3	0	0	0	0	0	3	0	1	0	1	0	0	0	0	16	0	0	0	0	0	0	0	0	4	0	0	0	0	0	0	0	0	0	0	7	0	0	0	0	0	0	0	0	0	0	0	0	0	0	0	0	0	0	0	0	0	3	0	0	1	0	0	0	0	0	0	0	0	0	0	0	0	0	0	0	0	0	0	0	0	0	1	0	0	0	0	0	0	0	0	1	0	0	0	0	0	0
0.03	FUN_ITS_1_20_S20_L001	126	0	0	25	0	0	0	0	0	5	11	0	98	0	0	74	14	3	0	0	0	0	0	0	0	0	0	0	0	0	0	0	6	0	0	0	0	19	0	0	0	0	0	0	0	0	33	0	0	36	0	0	0	0	0	0	0	0	8	0	0	0	14	0	0	0	0	0	0	0	0	0	0	0	0	0	0	19	0	0	0	0	0	0	0	0	0	0	0	0	0	0	0	0	0	0	0	0	0	0	0	0	0	0	0	0	0	0	5	0	0	0	0	0	0	0	0	0	0	0	0	0	0	0	0	0	0
0.03	FUN_ITS_1_23_S23_L001	126	0	0	0	0	0	0	0	0	0	0	0	0	0	0	5	0	365	0	0	0	0	0	0	0	0	0	0	0	0	0	0	0	0	0	0	0	0	0	0	0	0	0	0	0	0	0	0	0	0	0	0	0	0	0	0	0	0	0	0	0	0	0	0	0	0	0	0	0	0	0	0	0	0	0	0	0	0	0	0	0	0	0	0	0	0	0	0	0	0	0	0	0	0	0	0	0	0	0	0	0	0	0	0	0	0	0	0	0	0	0	0	0	0	0	0	0	0	0	0	0	0	0	0	0	0	0
0.03	FUN_ITS_1_25_S25_L001	126	0	0	15	0	0	0	0	11	0	0	0	196	5	0	34	34	0	0	0	12	24	0	9	0	0	0	0	3	6	0	0	4	0	0	3	0	0	0	0	0	0	0	0	0	0	0	0	0	0	0	0	0	0	0	0	0	0	0	0	0	0	7	0	0	0	0	0	0	0	0	0	0	0	0	0	0	0	0	0	0	0	0	0	0	0	0	0	0	0	0	0	0	0	0	0	0	0	0	0	0	0	0	0	0	0	0	0	0	0	0	0	0	7	0	0	0	0	0	0	0	0	0	0	0	0	0
0.03	FUN_ITS_1_28_S28_L001	126	0	0	0	0	0	0	0	0	0	0	0	0	0	0	0	0	0	0	0	0	0	0	217	0	0	0	0	0	0	0	0	40	0	0	0	0	0	0	0	0	0	0	93	0	0	0	0	0	0	0	0	0	0	0	0	0	0	0	0	0	0	0	0	0	0	0	0	0	0	0	0	0	0	20	0	0	0	0	0	0	0	0	0	0	0	0	0	0	0	0	0	0	0	0	0	0	0	0	0	0	0	0	0	0	0	0	0	0	0	0	0	0	0	0	0	0	0	0	0	0	0	0	0	0	0	0
0.03	FUN_ITS_1_30_S30_L001	126	0	0	106	0	0	0	0	0	0	4	0	0	89	0	0	0	0	0	0	76	0	0	0	0	0	0	0	0	0	0	0	53	0	0	0	0	0	0	27	0	0	0	0	0	0	0	0	0	0	0	0	0	0	0	0	0	0	0	0	0	0	0	0	0	0	0	3	0	0	0	0	0	0	0	0	0	0	0	0	0	0	0	12	0	0	0	0	0	0	0	0	0	0	0	0	0	0	0	0	0	0	0	0	0	0	0	0	0	0	0	0	0	0	0	0	0	0	0	0	0	0	0	0	0	0	0
0.03	FUN_ITS_1_31_S31_L001	126	0	0	0	1	0	0	0	0	0	0	0	0	369	0	0	0	0	0	0	0	0	0	0	0	0	0	0	0	0	0	0	0	0	0	0	0	0	0	0	0	0	0	0	0	0	0	0	0	0	0	0	0	0	0	0	0	0	0	0	0	0	0	0	0	0	0	0	0	0	0	0	0	0	0	0	0	0	0	0	0	0	0	0	0	0	0	0	0	0	0	0	0	0	0	0	0	0	0	0	0	0	0	0	0	0	0	0	0	0	0	0	0	0	0	0	0	0	0	0	0	0	0	0	0	0	0
0.03	FUN_ITS_1_33_S33_L001	126	0	0	32	38	0	0	0	0	131	15	0	5	20	0	2	62	0	0	10	0	0	4	2	0	0	0	0	2	1	0	0	0	0	0	28	1	0	0	0	0	0	0	0	0	0	4	0	0	2	0	0	0	0	0	0	0	0	0	0	0	0	0	0	3	0	0	2	3	0	0	0	0	0	0	0	0	0	0	0	0	0	0	0	0	0	0	0	0	0	0	0	0	3	0	0	0	0	0	0	0	0	0	0	0	0	0	0	0	0	0	0	0	0	0	0	0	0	0	0	0	0	0	0	0	0	0
0.03	FUN_ITS_1_35_S35_L001	126	0	0	88	0	0	0	53	44	14	0	1	15	43	0	4	0	0	0	25	20	0	1	1	0	0	0	0	10	9	0	7	11	0	0	0	0	0	0	5	0	0	0	0	0	0	0	0	0	0	0	0	3	0	0	0	0	0	3	0	5	0	1	0	2	0	0	0	0	0	0	0	0	0	0	2	0	0	1	1	0	0	0	0	0	0	1	0	0	0	0	0	0	0	0	0	0	0	0	0	0	0	0	0	0	0	0	0	0	0	0	0	0	0	0	0	0	0	0	0	0	0	0	0	0	0	0
0.03	FUN_ITS_1_3_S3_L001	126	0	0	0	0	0	0	0	0	0	0	0	15	9	0	117	0	0	0	0	0	0	0	0	0	0	0	0	14	0	0	0	0	0	0	0	168	0	0	0	0	0	0	0	0	0	0	0	0	0	0	0	0	0	0	0	0	0	0	0	0	0	0	0	0	0	0	0	0	0	0	0	0	0	0	0	0	0	0	0	0	17	0	0	0	0	0	0	0	0	0	0	0	0	0	0	0	0	0	0	0	0	0	0	0	0	0	0	0	6	0	0	0	0	3	0	0	6	0	0	7	0	8	0	0	0	0
0.03	FUN_ITS_1_40_S40_L001	126	0	0	9	266	0	0	4	2	0	2	62	4	1	0	1	0	0	0	0	0	0	0	0	0	0	0	0	3	0	0	0	4	0	0	0	0	0	0	0	0	0	0	0	0	0	8	0	0	0	0	0	0	0	0	0	0	0	0	0	0	0	0	0	1	0	0	0	0	0	0	0	0	0	0	0	0	0	0	0	0	0	0	0	0	3	0	0	0	0	0	0	0	0	0	0	0	0	0	0	0	0	0	0	0	0	0	0	0	0	0	0	0	0	0	0	0	0	0	0	0	0	0	0	0	0	0
0.03	FUN_ITS_1_47_S47_L001	126	0	0	4	0	0	0	0	54	1	0	0	46	8	0	0	9	0	0	0	7	10	164	0	0	0	0	0	10	0	0	0	0	0	0	0	0	0	0	0	0	0	0	0	1	0	0	0	16	0	0	0	0	0	0	0	0	0	1	0	0	0	0	0	0	0	0	0	0	0	0	0	0	0	0	0	0	0	0	0	0	0	0	0	0	2	0	0	0	0	18	0	0	0	0	11	0	0	5	0	0	0	0	0	0	3	0	0	0	0	0	0	0	0	0	0	0	0	0	0	0	0	0	0	0	0	0
0.03	FUN_ITS_1_51_S51_L001	126	0	1	4	236	0	0	0	10	11	39	0	30	0	0	0	7	3	0	0	0	0	0	0	0	0	0	0	5	9	0	0	0	0	0	0	0	0	0	0	0	0	0	0	3	0	2	0	0	0	0	0	0	0	0	0	0	0	0	0	0	0	0	0	0	0	0	0	0	0	0	0	0	0	0	5	1	0	0	0	0	0	0	0	0	0	0	0	0	1	0	0	0	0	0	0	0	0	0	0	0	0	0	3	0	0	0	0	0	0	0	0	0	0	0	0	0	0	0	0	0	0	0	0	0	0	0
0.03	FUN_ITS_1_56_S56_L001	126	0	0	8	6	0	26	4	3	35	0	0	0	0	43	29	0	32	31	0	0	4	0	0	12	8	8	7	1	0	14	1	5	12	0	0	0	4	6	0	0	9	5	0	0	7	1	10	5	3	2	0	0	0	4	2	0	0	0	0	0	4	0	0	0	3	0	0	0	0	0	4	7	0	0	0	0	0	0	0	0	0	0	0	2	0	0	1	0	0	0	1	0	0	0	0	0	0	0	0	0	0	0	0	0	0	0	0	0	0	0	0	0	0	0	0	0	0	0	0	0	0	0	0	1	0	0
0.03	FUN_ITS_1_57_S57_L001	126	0	0	17	0	140	6	24	3	41	11	0	1	2	1	17	3	1	2	0	0	13	0	0	3	11	6	3	1	0	0	1	10	0	11	0	0	6	2	0	2	0	0	0	7	1	0	3	0	0	0	0	0	1	0	0	0	0	0	4	0	0	0	0	0	0	4	0	0	2	0	0	0	0	0	0	1	0	0	0	0	0	0	0	0	0	0	0	0	0	0	0	0	0	0	0	0	2	0	1	0	0	0	0	0	0	1	0	0	0	0	0	0	0	0	1	1	0	1	0	1	0	0	1	0	0	0
0.03	FUN_ITS_1_58_S58_L001	126	1	0	153	0	18	47	20	22	5	2	0	1	0	0	2	1	7	0	0	0	18	0	0	18	4	4	4	0	0	0	0	0	0	0	0	0	1	9	0	18	0	0	0	0	0	0	2	0	0	0	0	0	1	0	0	0	1	0	0	0	0	0	0	0	0	1	0	0	1	2	0	0	0	0	0	1	0	0	0	0	1	0	0	0	0	0	0	0	0	0	0	0	0	2	0	0	0	0	0	0	1	0	0	0	0	0	0	0	0	0	0	0	0	0	1	0	0	0	1	0	0	0	0	0	0	0
0.03	FUN_ITS_1_59_S59_L001	126	0	0	66	0	0	0	1	11	2	0	0	45	0	0	100	1	0	0	0	0	0	0	6	0	13	3	14	1	0	0	1	0	0	0	0	0	3	0	0	0	0	0	0	2	1	0	0	0	6	0	0	14	0	0	0	0	24	0	0	2	4	5	7	0	0	0	0	0	0	0	0	0	3	0	6	0	0	0	9	4	0	1	0	0	0	0	0	0	0	0	0	7	0	0	0	0	0	0	0	0	0	0	0	4	0	0	0	0	0	1	0	1	0	0	0	0	0	0	0	0	2	0	0	0	0	0
0.03	FUN_ITS_1_5_S5_L001	126	0	0	15	12	0	0	13	7	29	0	0	90	0	0	33	0	0	0	0	11	0	0	0	0	0	0	2	1	16	0	0	0	0	0	23	0	4	0	0	0	0	0	0	0	0	0	0	0	0	0	42	0	0	0	0	46	0	10	0	0	0	0	0	0	0	0	0	1	0	0	0	0	0	0	1	0	3	0	6	0	0	0	0	0	0	0	0	0	0	0	0	0	0	0	0	0	0	0	0	0	0	0	0	0	0	0	0	0	3	0	0	0	0	0	0	0	0	0	0	0	0	0	0	0	0	2
