contamination	not_contaminated	contaminated	contaminated	contaminated	contaminated	not_contaminated	contaminated	contaminated	contaminated	contaminated	contaminated	not_contaminated	not_contaminated	not_contaminated	not_contaminated
Acremonium	0	0.00811359	0.010528893	0	0	0	0.001800991	0	0	0.00154202	0.009518773	0	0	0	0.014291465
Alternaria	0.170438032	0.011663286	0.336679726	0.234375	0.523809524	0	0.047276002	0.006178942	0.109034268	0.229760987	0.098360656	0.001398532	0.001079914	0.002986038	0.13305153
Aspergillus	0.000207598	0.009634888	0.004407444	0	0.017006803	0.243243243	0.138376107	0.00426347	0.017653167	0	0	0.002397483	0.001993687	0.002340408	0.005032206
Aureobasidium	0.002283579	0	0.004407444	0.059027778	0	0	0.001851018	0	0	0.0154202	0	0.004345437	0.014288088	0.000887741	0.005837359
Bonordeniella	0.006643139	0	0.006366308	0	0.020408163	0	0.002601431	0	0	0	0	0.000449528	0	0	0.028180354
Botryotrichum	0	0	0.003183154	0	0	0	0	0	0.043613707	0	0	0.010289196	0	0	0
Chaetomium	0.010795101	0	0.006856024	0	0.066326531	0	0	0.001791893	0.034787124	0	0	0.016332851	0.026499419	0.040836091	0
Cladorrhinum	0.004982354	0	0	0	0.005102041	0	0	0	0	0.050886662	0	0	0	0	0
Cladosporium	0.040689226	0.006085193	0.339128306	0.199652778	0.074829932	0	0.009605283	0.002286209	0	0.103315343	0	0.062584286	0.071689649	0.007666855	0.277375201
Clonostachys	0	0	0	0	0	0	0	0	0	0	0	0.074921333	0.006894833	0.002017593	0
Coniochaeta	0.034046087	0	0	0	0	0	0.070288659	0.000494315	0	0	0	0.000998951	0.002575179	0	0
Crustodontia	0	0	0	0	0	0	0	0	0	0	0	0	0	0	0
Curvularia	0	0	0	0	0	0	0.001851018	0.000494315	0	0.020817271	0	0	0	0	0.012681159
Cylindrocarpon	0	0	0	0	0	0	0.000300165	0	0	0	0	0	0	0.002259705	0.04468599
Cyphellophora	0	0	0	0	0	0	0	0	0	0	0	0.024174617	0.000913773	0	0
Dactylonectria	0	0	0	0	0	0	0	0	0	0	0	0.079216822	0.043196544	0.148333468	0
Entoloma	0	0	0	0	0	0	0	0	0	0	0	0	0	0	0.027173913
Epicoccum	0	0	0.005386876	0.102430556	0	0	0	0	0	0	0	0.010588882	0	0	0.016908213
Exophiala	0	0	0	0.010416667	0	0	0	0.001235788	0	0	0.001586462	0.080865092	0.008140887	0.011298523	0
Furcasterigmium	0	0.007099391	0.00367287	0.055555556	0	0	0.000350193	0	0	0.00385505	0	0	0	0	0
Fusarium	0.211127258	0.600912779	0.078354554	0.088541667	0.049319728	0.291891892	0.249387163	0.025766189	0.017653167	0.037779491	0.015335801	0.032116278	0.037298555	0.4081995	0.20189211
Hortaea	0	0	0	0	0	0	0	0	0	0	0	0	0.000415351	0	0
Humicola	0.002698775	0	0.007345739	0.100694444	0	0	0.001350743	0.025766189	0	0	0.003701745	0.001947955	0.000166141	0.00129126	0
Leptosphaerulina	0	0	0	0	0	0	0	0	0	0.117964534	0	9.98951E-05	0	0	0.007648953
Linnemannia	0	0	0	0	0	0	0	0	0	0	0	0.041306628	0.003821233	0.037607941	0
Lophiostoma	0.061241437	0	0	0	0	0	0.00080044	0	0.001038422	0	0.012691698	0.002097797	0.008639309	0.000161407	0.003623188
Macrophomina	0	0	0	0	0	0	0.009705338	0	0	0	0	0	0	0	0.02173913
Massarina	0	0	0	0	0	0	0	0	0	0	0	0.014834424	0.008805449	0.016221451	0.001610306
Microascus	0	0	0	0	0	0	0.000950523	0	0.036344756	0	0	0	0	0	0
Monodictys	0	0	0	0	0	0	0	0	0	0	0	0.00244743	0.377471341	0.063191026	0
Monosporascus	0.062487025	0	0	0	0.034013605	0.205405405	0.044424433	0.002718735	0.014537902	0.020046261	0	0	0	0	0
Mortierella	0.006020345	0	0	0	0	0	0.143679023	0.006549679	0	0.031611411	0	0.015583637	0.03879382	0.054797837	0.002012882
Naganishia	0.107535811	0.00811359	0.011018609	0	0.008503401	0	0.018560208	0.005684627	0.024922118	0.00231303	0.010047594	0.002347535	0.001744476	0.0086353	0.002012882
Neodidymelliopsis	0.003113971	0	0	0	0	0	0.001951073	6.17894E-05	0.451194185	0	0	0.000899056	0	0	0
Neopestalotiopsis	0	0	0	0	0	0	0	0	0	0	0	0.018130962	0.019853796	0.005084335	0.007447665
Neosetophoma	0.005605148	0	0.00612145	0.046875	0.022108844	0	0.003802091	0	0	0	0	0	0.001079914	0	0.011876006
Ophiostoma	0	0	0	0	0	0	0	0	0	0	0	0	0	0	0
Oxyporus	0	0	0	0	0	0	0.004302366	0.143783984	0	0	0	0	0	0	0
Penicillium	0	0	0	0.019097222	0.006802721	0.145945946	0.031267197	0.004943154	0	0	0	0.020778183	0.021598272	0.005568558	0.004830918
Pestalotiopsis	0	0	0	0	0	0	0	0	0	0	0	0.020278707	0.014620369	0.005891373	0.034621578
Phaeoacremonium	0	0.144016227	0	0	0	0	0	0	0	0	0	0	0	0	0
Phialophora	0	0	0	0	0	0	0	0	0	0	0	4.99476E-05	8.30703E-05	0	0
Podila	0	0	0	0	0	0	0	0	0	0	0	0.073472854	0.002242897	0.00064563	0
Podospora	0.004567158	0	0	0	0	0.032432432	0	6.17894E-05	0	0	0	0.003895909	0	8.07037E-05	0
Preussia	0.085530413	0.009634888	0.047992165	0.008680556	0	0	0.026714693	0.003707365	0.003115265	0.084040093	0.043892121	0.127915689	0.134989201	0.014526673	0.0068438
Psathyrella	0.002491177	0	0.008325171	0	0	0.072972973	0.018510181	0	0	0	0	0.001498427	0	0	0
Pseudoophiobolus	0	0	0	0.019097222	0	0	0.004752614	0	0.00623053	0.028527371	0	0	0	0	0
Pyrenochaetopsis	0.000415196	0	0	0	0	0	0	0	0	0.01619121	0	0.030767694	0.008223957	0.011379227	0.028381643
Scedosporium	0	0	0	0	0	0	0	0	0	0	0	0.000949004	0	0	0
Setophaeosphaeria	0.003113971	0	0	0	0	0	0.017359548	0	0	0	0	0.001098846	0.008140887	8.07037E-05	0.002214171
Solicoccozyma	0.021590201	0	0	0	0	0	0.002701486	0.000988631	0	0	0	0	0.000581492	0	0
Sordaria	0.013286278	0	0.009304603	0	0	0	0	0	0	0	0	0	0.008223957	0.007021225	0
Sporormia	0.014739464	0.014705882	0.011018609	0.043402778	0.093537415	0	0	0	0.0192108	0	0.028027499	0.002097797	0.002409038	0.001452667	0.002818035
Stachybotrys	0.004151962	0.00862069	0.016405485	0	0.020408163	0	0.014758117	0.000741473	0	0.032382421	0.019566367	0	0.001079914	0	0
Stagonosporopsis	0.103383849	0.10801217	0.03158668	0	0.039115646	0	0.105207864	0.007043994	0.173416407	0.022359291	0.019566367	0.014434843	0.011795979	0.062141877	0.023550725
Subramaniula	0.003944364	0.057302231	0.007835455	0	0	0	0	0.750556105	0	0.026985351	0.7244844	0.019579442	0	0	0
Thielavia	0	0	0	0	0	0	0	0	0	0.137239784	0	0	0	0	0
Trichocladium	0	0	0	0	0	0	0	0	0	0	0	0	0.038627679	0	0
Trichoderma	0	0	0	0	0	0	0	0	0	0	0	0.00019979	0.004984217	0.038092164	0