depth	0.15	0.15	1.5	0.15	0.15	4.60-6	0.15	4.60-6	4.60-6	0.15	1.5	4.60-6	0.15	0.15	0.15	1.5	0.15	0.15	4.60-6	1.5
Acremonium	0	0.00811359	0	0.010528893	0	0	0	0	0	0	0	0	0.001800991	0	0	0	0.00154202	0.009518773	0	0
Alternaria	0.170438032	0.011663286	0.133663366	0.336679726	0.234375	0	0.523809524	0	0.041975309	0	0	0.019589552	0.047276002	0.006178942	0.109034268	0	0.229760987	0.098360656	0	0
Aspergillus	0.000207598	0.009634888	0	0.004407444	0	0	0.017006803	0	0.022222222	0.243243243	0.998201439	0.054477612	0.138376107	0.00426347	0.017653167	0.283185841	0	0	0.95	0.033018868
Aureobasidium	0.002283579	0	0.074257426	0.004407444	0.059027778	0	0	0	0	0	0	0	0.001851018	0	0	0	0.0154202	0	0	0
Bonordeniella	0.006643139	0	0	0.006366308	0	0	0.020408163	0.629346314	0	0	0	0.008208955	0.002601431	0	0	0	0	0	0	0
Botryotrichum	0	0	0	0.003183154	0	0	0	0	0	0	0	0	0	0	0.043613707	0	0	0	0	0
Chaetomium	0.010795101	0	0	0.006856024	0	0	0.066326531	0	0	0	0	0	0	0.001791893	0.034787124	0.053097345	0	0	0	0
Cladorrhinum	0.004982354	0	0	0	0	0	0.005102041	0	0	0	0	0.08488806	0	0	0	0	0.050886662	0	0	0
Cladosporium	0.040689226	0.006085193	0.064356436	0.339128306	0.199652778	0.014925373	0.074829932	0	0.32345679	0	0	0.005970149	0.009605283	0.002286209	0	0.212389381	0.103315343	0	0	0.094339623
Clonostachys	0	0	0	0	0	0	0	0	0	0	0	0	0	0	0	0	0	0	0	0
Coniochaeta	0.034046087	0	0	0	0	0	0	0	0	0	0	0.019776119	0.070288659	0.000494315	0	0	0	0	0	0
Crustodontia	0	0	0	0	0	0	0	0	0	0	0	0	0	0	0	0.253687316	0	0	0	0
Curvularia	0	0	0	0	0	0	0	0	0	0	0	0	0.001851018	0.000494315	0	0	0.020817271	0	0	0
Cylindrocarpon	0	0	0	0	0	0	0	0	0	0	0	0	0.000300165	0	0	0	0	0	0	0
Cyphellophora	0	0	0	0	0	0	0	0.00069541	0	0	0	0	0	0	0	0	0	0	0	0
Dactylonectria	0	0	0	0	0	0	0	0	0	0	0	0	0	0	0	0	0	0	0	0
Entoloma	0	0	0	0	0	0	0	0	0	0	0	0	0	0	0	0	0	0	0	0
Epicoccum	0	0	0	0.005386876	0.102430556	0	0	0	0	0	0	0.009141791	0	0	0	0	0	0	0	0
Exophiala	0	0	0	0	0.010416667	0.985074627	0	0	0	0	0	0	0	0.001235788	0	0	0	0.001586462	0	0
Furcasterigmium	0	0.007099391	0	0.00367287	0.055555556	0	0	0	0	0	0	0	0.000350193	0	0	0	0.00385505	0	0	0
Fusarium	0.211127258	0.600912779	0	0.078354554	0.088541667	0	0.049319728	0	0.04691358	0.291891892	0	0.064552239	0.249387163	0.025766189	0.017653167	0.194690265	0.037779491	0.015335801	0	0
Hortaea	0	0	0.103960396	0	0	0	0	0	0	0	0	0	0	0	0	0	0	0	0	0
Humicola	0.002698775	0	0	0.007345739	0.100694444	0	0	0	0	0	0	0.014925373	0.001350743	0.025766189	0	0	0	0.003701745	0	0
Leptosphaerulina	0	0	0	0	0	0	0	0	0	0	0	0	0	0	0	0	0.117964534	0	0	0
Linnemannia	0	0	0	0	0	0	0	0	0	0	0	0	0	0	0	0	0	0	0	0
Lophiostoma	0.061241437	0	0	0	0	0	0	0	0	0	0	0	0.00080044	0	0.001038422	0	0	0.012691698	0	0
Macrophomina	0	0	0	0	0	0	0	0	0	0	0	0	0.009705338	0	0	0	0	0	0	0
Massarina	0	0	0	0	0	0	0	0	0	0	0	0	0	0	0	0	0	0	0	0
Microascus	0	0	0	0	0	0	0	0	0	0	0	0	0.000950523	0	0.036344756	0	0	0	0	0
Monodictys	0	0	0	0	0	0	0	0	0	0	0	0	0	0	0	0	0	0	0.05	0
Monosporascus	0.062487025	0	0	0	0	0	0.034013605	0	0	0.205405405	0	0	0.044424433	0.002718735	0.014537902	0	0.020046261	0	0	0
Mortierella	0.006020345	0	0	0	0	0	0	0	0	0	0	0	0.143679023	0.006549679	0	0	0.031611411	0	0	0
Naganishia	0.107535811	0.00811359	0.01980198	0.011018609	0	0	0.008503401	0	0.039506173	0	0	0.011567164	0.018560208	0.005684627	0.024922118	0	0.00231303	0.010047594	0	0
Neodidymelliopsis	0.003113971	0	0.01980198	0	0	0	0	0	0	0	0	0.011940299	0.001951073	6.17894E-05	0.451194185	0	0	0	0	0
Neopestalotiopsis	0	0	0	0	0	0	0	0	0	0	0	0	0	0	0	0	0	0	0	0
Neosetophoma	0.005605148	0	0	0.00612145	0.046875	0	0.022108844	0	0	0	0	0	0.003802091	0	0	0	0	0	0	0
Ophiostoma	0	0	0.534653465	0	0	0	0	0	0	0	0	0	0	0	0	0	0	0	0	0
Oxyporus	0	0	0	0	0	0	0	0	0	0	0	0	0.004302366	0.143783984	0	0	0	0	0	0
Penicillium	0	0	0	0	0.019097222	0	0.006802721	0.089707928	0	0.145945946	0	0	0.031267197	0.004943154	0	0	0	0	0	0
Pestalotiopsis	0	0	0	0	0	0	0	0	0	0	0	0	0	0	0	0	0	0	0	0
Phaeoacremonium	0	0.144016227	0	0	0	0	0	0.225312935	0	0	0	0	0	0	0	0	0	0	0	0
Phialophora	0	0	0	0	0	0	0	0.054937413	0	0	0	0	0	0	0	0	0	0	0	0
Podila	0	0	0	0	0	0	0	0	0	0	0	0	0	0	0	0	0	0	0	0
Podospora	0.004567158	0	0	0	0	0	0	0	0	0.032432432	0	0	0	6.17894E-05	0	0	0	0	0	0
Preussia	0.085530413	0.009634888	0	0.047992165	0.008680556	0	0	0	0	0	0	0.350373134	0.026714693	0.003707365	0.003115265	0	0.084040093	0.043892121	0	0
Psathyrella	0.002491177	0	0	0.008325171	0	0	0	0	0	0.072972973	0	0	0.018510181	0	0	0	0	0	0	0
Pseudoophiobolus	0	0	0	0	0.019097222	0	0	0	0	0	0	0	0.004752614	0	0.00623053	0	0.028527371	0	0	0
Pyrenochaetopsis	0.000415196	0	0.04950495	0	0	0	0	0	0	0	0	0	0	0	0	0	0.01619121	0	0	0
Scedosporium	0	0	0	0	0	0	0	0	0.44691358	0	0	0.002425373	0	0	0	0	0	0	0	0.872641509
Setophaeosphaeria	0.003113971	0	0	0	0	0	0	0	0	0	0	0	0.017359548	0	0	0	0	0	0	0
Solicoccozyma	0.021590201	0	0	0	0	0	0	0	0	0	0	0.012686567	0.002701486	0.000988631	0	0	0	0	0	0
Sordaria	0.013286278	0	0	0.009304603	0	0	0	0	0	0	0	0	0	0	0	0	0	0	0	0
Sporormia	0.014739464	0.014705882	0	0.011018609	0.043402778	0	0.093537415	0	0	0	0	0.193283582	0	0	0.0192108	0	0	0.028027499	0	0
Stachybotrys	0.004151962	0.00862069	0	0.016405485	0	0	0.020408163	0	0	0	0	0.005597015	0.014758117	0.000741473	0	0	0.032382421	0.019566367	0	0
Stagonosporopsis	0.103383849	0.10801217	0	0.03158668	0	0	0.039115646	0	0	0	0	0	0.105207864	0.007043994	0.173416407	0	0.022359291	0.019566367	0	0
Subramaniula	0.003944364	0.057302231	0	0.007835455	0	0	0	0	0	0	0.001798561	0.113246269	0	0.750556105	0	0	0.026985351	0.7244844	0	0
Thielavia	0	0	0	0	0	0	0	0	0	0	0	0	0	0	0	0.002949853	0.137239784	0	0	0
Trichocladium	0	0	0	0	0	0	0	0	0	0	0	0	0	0	0	0	0	0	0	0
Trichoderma	0	0	0	0	0	0	0	0	0	0	0	0	0	0	0	0	0	0	0	0