depth	0.15	0.15	1.5	0.15	0.15	4.60-6	0.15	4.60-6	4.60-6	0.15	1.5	4.60-6	0.15	0.15	0.15	1.5	0.15	0.15	4.60-6	1.5
Agaricales	0.001912655	0	0	0.008325171	0	0	0	0	0	0.072192513	0	0	0.018510181	0	0	0	0	0	0	0
Botryosphaeriales	0	0	0	0	0	0	0	0	0	0	0	0	0.009705338	0	0	0	0	0	0	0
Chaetothyriales	0.005259802	0	0	0.010528893	0.009966777	0.985074627	0.020408163	0.684979138	0	0	0	0.007889546	0.002601431	0.001233046	0	0	0	0.005147403	0	0
Cladosporiales	0.031240038	0.005940594	0.064356436	0.341332027	0.1910299	0.014925373	0.074829932	0	0.32345679	0	0	0.005737852	0.009605283	0.002281134	0	0.212389381	0.103315343	0	0	0.094339623
Coniochaetales	0.026139624	0.001980198	0	0	0	0	0	0	0	0	0	0.019006634	0.070288659	0.000493218	0	0	0	0	0	0
Diaporthales	0	0	0	0	0	0	0	0	0	0	0	0	0	0	0	0	0	0	0	0
Dothideales	0.003984699	0	0.074257426	0.004407444	0.056478405	0	0	0	0	0	0	0	0.002151183	0	0	0	0.0154202	0	0	0
Eurotiales	0.000159388	0.009405941	0	0.004407444	0.018272425	0	0.023809524	0.089707928	0.022222222	0.385026738	0.998201439	0.052357899	0.179548752	0.00918619	0.017644006	0.283185841	0	0	0.95	0.033018868
Filobasidiales	0.099139305	0.007920792	0.01980198	0.011018609	0	0	0.008503401	0	0.056790123	0	0	0.023310023	0.021261694	0.006966708	0.024909185	0	0.00231303	0.008890969	0	0
Glomerellales	0	0.006930693	0	0.00367287	0.053156146	0	0	0	0	0	0	0	0.000350193	0	0	0	0.00385505	0	0	0
Helotiales	0	0	0	0.000244858	0	0	0	0	0	0	0	0	0.000150083	6.16523E-05	0	0	0	0	0	0
Hymenochaetales	0	0	0	0	0	0	0	0	0	0	0	0	0.004302366	0.143464858	0	0	0	0	0	0
Hypocreales	0.168473063	0.607920792	0	0.107247796	0.096345515	0	0.069727891	0	0.04691358	0.288770053	0	0.06741976	0.269898444	0.026448829	0.017644006	0.194690265	0.071703932	0.03930744	0	0
Microascales	0	0	0	0	0	0	0	0	0.44691358	0	0	0.002331002	0.001300715	0	0.036325895	0	0.00154202	0	0	0.872641509
Mortierellales	0.004622251	0	0	0	0	0	0	0	0	0	0	0	0.143679023	0.006535142	0	0	0.031611411	0	0	0
Mycosphaerellales	0.00079694	0.000990099	0.103960396	0.001469148	0	0	0	0	0	0	0	0	0	0	0	0	0	0	0	0
Ophiostomatales	0	0	0.534653465	0	0	0	0	0	0	0	0	0	0	0	0	0	0	0	0	0
Pleosporales	0.575071725	0.162376238	0.202970297	0.454701273	0.478405316	0	0.697278912	0	0.056790123	0.010695187	0	0.600502062	0.21561859	0.020591862	0.790866632	0	0.530454896	0.301357043	0.05	0
Polyporales	0	0	0	0	0	0	0	0	0	0	0	0	0	0	0	0.253687316	0	0	0	0
Sordariales	0.030921262	0.055940594	0	0.034524976	0.096345515	0	0.071428571	0	0	0.032085561	0.001798561	0.211045365	0.001350743	0.776448829	0.09548521	0.056047198	0.215111796	0.644361254	0	0
Togniniales	0	0.140594059	0	0	0	0	0	0.225312935	0	0	0	0	0	0	0	0	0	0	0	0
Xylariales	0.047975773	0	0	0	0	0	0.034013605	0	0	0.203208556	0	0	0.044424433	0.0027127	0.014530358	0	0.020046261	0	0	0