depth	0.15-1.5	0.15-1.5	0.15-1.5	3.05-4.60	3.05-4.60	6	0.15-1.5	0.15-1.5	3.05-4.60	3.05-4.60	6	3.05-4.60	0.15-1.5	0.15-1.5	3.05-4.60	3.05-4.60	6	0.15-1.5	0.15-1.5	3.05-4.60	3.05-4.60	6	3.05-4.60	0.15-1.5	0.15-1.5	3.05-4.60	3.05-4.60	6	0.15-1.5	0.15-1.5	3.05-4.60	3.05-4.60	6	6	0.15-1.5	0.15-1.5	0.15-1.5	0.15-1.5	3.05-4.60	3.05-4.60	6	0.15-1.5	0.15-1.5	3.05-4.60	0.15-1.5	6	0.15-1.5	0.15-1.5	3.05-4.60	3.05-4.60	6	0.15-1.5	3.05-4.60	3.05-4.60	6
Actinopteri	0.000479978	0.000343141	0.009098792	0.005483208	0.001182438	0.000855325	0.000437004	0.009914672	0.027010215	0.0022812	0.004341601	0.189231573	0.001659975	0.010089142	0.071717934	0.029930309	0.040933802	0.000813146	0.008141071	0.059503812	0.108316632	0.138249884	0.000743937	0.008963018	0.126064285	0.273933027	0.002456158	0.123701605	0.000539287	0.146161172	0.107549557	0.144074612	0.325144657	0.025878993	0.001579833	0.190846412	0.014182632	0.191379541	0.029498262	0.298993388	0.051867911	0.019313485	0.203991526	0.206219762	0.000510537	0.223925365	0.002757158	0.024196076	0.155287218	0.243231556	0.145619254	0.003368923	0.009349513	0.001208103	0.00089748
Agaricales	0.00983955	0.000300249	0	0	0	0	0	0	0	0.004784955	0	0	0.008922365	0.011792224	0.006230268	0.00349676	0	0	0	0	4.30067E-06	0	0	0.009372199	1.01845E-05	0	0.011191027	0	0.000841288	0	0	0	0	0	6.86884E-05	9.66996E-06	0	3.35166E-05	0.022807718	9.28609E-06	0	1.19811E-05	0	7.84135E-06	0.005956264	0.023716437	0.000662778	0	0	0	0	0	0	0	0
Agaricomycetes	0.000171421	1.42976E-05	0.007865265	0.011042571	0	0	0.000302541	0	0.004681771	0.00055639	0	0	0.000674365	0	0	4.89057E-05	3.99744E-05	0.001626292	0	0	4.30067E-06	1.60532E-05	0.000111591	0.004462024	1.01845E-05	0	0.000444288	0	0.000830502	0	0	0	0	0	0.141326373	0	2.48818E-05	0	5.2516E-06	0	0	1.19811E-05	1.52197E-06	0	2.83632E-05	1.0343E-05	0.000768823	0.014950166	0	0	5.58163E-06	0.004716492	0	0.000730481	0
Ascomycota	0.001954196	0.000171571	3.66394E-05	0	0	2.08616E-05	0.00164717	0.007531005	0.000130959	5.5639E-05	0	2.82562E-05	0.002178717	2.1558E-05	0	4.89057E-05	0	0.004167373	0	0	4.30067E-06	1.60532E-05	0.001525071	0.004968629	1.01845E-05	5.62799E-05	0.009162391	0.000123168	0.033953513	0.028343386	1.05441E-05	3.9228E-05	6.42921E-06	0	0.019301439	6.76897E-05	0	0.000201099	1.57548E-05	2.78583E-05	7.39913E-06	0.006649494	4.87031E-05	3.13654E-05	0.000368721	2.06859E-05	0.004321315	0	5.17509E-05	3.08885E-05	1.11633E-05	0.001036592	2.48657E-05	0	6.90369E-05
Bacillariales	0	0	0	0	0	0	0.003327955	0	0	0	0	0	0	0	0	0	0	0.009859394	0	0	0	0	0.000111591	0.001870543	0	3.75199E-05	0.014426785	0.000328448	0.000140215	0	1.05441E-05	9.807E-06	0	0	0.000961638	0	0.006344862	0	0	0	0	0	1.52197E-06	0	0.011600533	0	0.002306469	0.056729142	0	0	0	0	0	0	0
Bacillariophyceae	0.000308557	0	0	0	0	0	0.033884631	0.002936401	0	0	4.61872E-05	0	0.000352745	0	0	0	0	0	0	0	0	0	0	0	0	0	4.1914E-05	0	1.07857E-05	0	0	0	0	8.92379E-05	3.43442E-05	0	0.005125653	0	0	9.28609E-06	0	1.19811E-05	0	0	0.037411011	0	0.001802757	0.003823732	1.72503E-05	0	0	5.18296E-05	2.48657E-05	0	0
Bacillariophyta	3.42841E-05	8.57854E-05	0	0	0	0	0.004050692	0.001623657	6.54793E-05	0	0	0	0.001390229	1.0779E-05	0	2.44529E-05	0	0.032763002	0	0	4.30067E-06	0	0	0.002844784	0	0	0.020755793	4.1056E-05	2.15715E-05	0	0	0	0	0	0.007109249	9.66996E-06	0.008882807	0	0	0	0	0	0	0	0.072921689	0	0.094379639	0.008023569	0	0	0	0.00124391	0	0	0
Botryosphaeriales	0	0	0	0	0	0	0	0	0	0	0	0	0.000601741	0	2.79384E-05	0.000831397	0	0.0012536	0.000522257	0	4.30067E-06	0	0	0	0	3.75199E-05	0	0.000862175	0.003451437	0.11651399	0.000790806	0.000284403	1.92876E-05	0	0.000995982	0	0	3.35166E-05	0	2.78583E-05	0.000473544	0	3.04395E-06	0.011973747	0	0	0	0	0.000241504	0	1.11633E-05	0	0	0	0
Bryopsida	0.001097093	0	0	0	0	0	0.039935458	0.005458251	0	0.002114283	0	0	0.005654289	0	0	0	0	0	0	0	0	0	0.000483559	0	0	0	0	0	0	0	0	0	0	0	0.000137377	9.66996E-06	0	0	0	0	0	0.000634997	0.010784699	0	0	1.0343E-05	0.000424178	0	0	0	0	0	0	0	0
Capnodiales	0.001577071	0	7.32789E-05	0.001446958	0	0.003796808	0.009277935	0.009016478	0.012080932	0.001724809	0.00720521	0.013831395	0.004004689	0.00850463	0.006900791	0.003472307	0	0.001863459	0.001259562	0.005039411	4.30067E-06	0.005458077	0.002194614	0.000604029	2.03691E-05	0.001988556	0.000318546	0.011044053	0.000776573	0.003140447	0.015520877	0.003403028	0	0	0.002266717	9.66996E-06	0.005324708	0.057849578	0.004663425	0.026084615	1.47983E-05	0.001425747	0.014877283	7.84135E-06	0.003063221	0.017190021	0.004162248	0.02244092	0	0.008556117	0	0.010262258	0.026854983	2.80954E-05	0
Cercozoa	0.09003017	0.030325127	0	0.000990024	0	0.001814958	0.109049348	0.004387329	0	0.002169922	0.000230936	0	0.025781485	0	0	0	0	0.019447738	0	4.30719E-05	0.006924076	0	0.000557953	0.075601107	1.01845E-05	0	0.015508165	0	0.088475435	0	0	1.9614E-05	0	7.13903E-05	0.034962393	4.83498E-05	0.078651406	3.35166E-05	1.05032E-05	9.28609E-06	1.47983E-05	0.033007848	0.027101768	2.35241E-05	0.042686559	0.004737082	0.027836691	0.043314737	0	0	0	0.003006116	0.004873682	0.000842862	0.000621332
Chaetothyriales	0.000377126	0	0.000671723	0	0	0	0.000184886	0.000449097	0.000130959	0	0.002355549	0	0.001151608	0	0	0	0.011352734	0.001626292	0	0	8.60134E-06	0.022458382	0	0	0	0	0.000637092	0	9.70717E-05	0.025168927	0	0	0	0.008513296	0.001511145	0	0	0	0	0	0	0	0	0	0.000283632	0	0.000662778	0	0	0	0	0	0	0	0
Chlamydodontida	0	0	0	0	0	0	0.004252387	0.00134729	0	0	0	0	0	0	0	0	0	0.033000169	0	0	0	0	0	0	0	0	0.009430641	0	0	0	0	0	0	0	0	0	0	0	5.2516E-06	0	0	0	0	0	0	0	0.002306469	0	0	0.018548549	0	0	0	0	0
Chlamydomonadales	0.004525507	1.42976E-05	0.000940412	0	1.71368E-05	0	0.041801129	0	0.011786276	0	9.23745E-05	0	0.0049488	0	0.01240466	0.004059176	0	0.037404709	0	0	4.30067E-06	0	3.71968E-05	0.000428666	0	1.876E-05	0.040405057	4.1056E-05	0.000204929	0	1.05441E-05	0.000107877	0	1.78476E-05	0.007624412	0	0.043493406	0	0.007236711	0	0	0.000754807	0	7.84135E-06	0.088975239	0	0.079798515	0.052717357	0.000103502	0	0	0.003835389	2.48657E-05	0	0
Chlorellales	0	2.85951E-05	1.22131E-05	0	0	0	0.001075703	0	0	0	0	0	0	0	0	0	0	0	0	0	0	0	0	0	0	0	0.001835831	0	0	0	0	0	0	0	0.000274754	0	0	0	0	0	0	0	0	0	0.000850895	1.0343E-05	0	0.001786498	0.091823357	7.72213E-05	1.67449E-05	0.000310978	0	2.80954E-05	0
Chlorosarcinales	0.000377126	0	0	0	0	6.25848E-05	0.014353906	0.003661865	3.27397E-05	0	0	0	0.001078984	0	0	0	0	0.005996951	0	0.006460783	0	0	0	0.000798878	1.01845E-05	1.876E-05	0.009480938	0	0	1.13374E-05	0	0	0	0	0.001923275	0	0.021796467	0	0	0	0	0.002743665	0	0	0.023938509	0	0.037036055	0.005923651	0	0	0	0	0	0	0
Clupeiformes	0	2.85951E-05	0.00042746	0	0	0	0	0.001900024	0.002979309	0	0.002586486	0.028877806	0.00034237	0.001250364	0.003771687	0.025920039	0	0	0.007311603	0	0	0.022923924	0	0.000993726	0.019951522	0	8.38279E-06	0	0	1.13374E-05	0	9.807E-06	0	0.011279672	0	0	0	0	0	0	0	0	0	0	0	0	0	0	0	0.004803163	0	0.001606717	0.00686294	0	0
Coleoptera	0	0	0	0	0	0	0	0	0	0	0	0	0	0	0	0	0	0	0	0	0	1.60532E-05	0	0	0	0	8.38279E-05	0	0	0	0	0	0	0	0	0.007881021	2.48818E-05	0	0	0.054379318	0	0	0	0	0	0	0	0	0	0	0	0.001036592	0	0	0
Colpodea	0.008125343	0.000257356	0	0	0	0	0.00141186	0.001312744	0	0	0	0	0.000228247	0	0	0	0	0	0	0	0	0	0	0.002260239	0	0	0.00159273	0	0.00458394	0	0	0	0	0	0.000686884	0	0.001766609	0	0	0	0	0.005355538	0	0	0.032929631	0	0.001749735	0	0	1.54443E-05	0	0	2.48657E-05	0	0
Colpodida	0.01487932	0.010723171	0	7.61557E-05	0	0	0.015059836	0	3.27397E-05	5.5639E-05	0	0	0.034911347	0	0	0	0	0.005827545	0	0	0	0	0.001115905	0.006137719	0	0	0.004903933	0	0.028657715	0	0	0	0	0	0.006525398	0	0.009728788	0	5.2516E-06	0	0	0.011453903	0	0	0.056159061	0	0.002173913	0	0	0	0	0.003161605	0	0	6.90369E-05
Cryomonadida	0.038672518	0	0	0	0	8.34463E-05	0.014656447	0.000725464	0	0.000278195	0	0	0.004834677	0.001121016	0	0	0	0	0	0	0	0	0	0	0	0	0.002355564	0	0.000636359	0	0	0	0	0	0.002541471	0	2.48818E-05	0	5.2516E-06	0	0.009478287	0.002539987	0	0	0	0	0.009278897	0	0	1.54443E-05	7.25612E-05	0	2.48657E-05	2.80954E-05	0
Cryptophyta	0.008948162	0.001072317	0	0.000152311	0	0	0.002185021	0	0	0	0	0	0.018768091	0	0	4.89057E-05	0	0.002608843	0	0	4.30067E-06	0	0	0.001363937	0	0	0.00041914	0	0.00392601	0	0	0	0	0	0.001236391	9.66996E-06	0.001144563	0	3.15096E-05	0	0	0.00033547	0	0	0.00170179	0	0.001696713	0	0	0	0	0.000518296	0.010692262	0	0
Cystofilobasidiales	0	0	0	0	0	0	0	0	0	0	0	0	0	0	0	0	0	0	0	0	0	1.60532E-05	0	0	0	0	0	0	0	0	0	0	0	0	0	0	0	0	0	0	0	0	0	0	0	0	5.30223E-05	0.305209052	1.72503E-05	1.54443E-05	5.58163E-06	0	0	0	0
Decapoda	0	0	0	0	0	0	0	0	0.00091671	0.000222556	0.001200868	0	0	0	2.79384E-05	0.008851938	0	3.38811E-05	0.004638874	0	0	0	0	0	2.03691E-05	1.876E-05	0.000435905	0	1.07857E-05	0.01461385	0.007085618	0	0.057682911	0	0	0.013305871	0	0	5.2516E-06	9.28609E-06	0	2.39621E-05	0.040746254	7.84135E-06	0	2.06859E-05	0	0	0	0.014934594	0	0	0	0.00036524	0
Diptera	0	0	0	0	0	0	0	0.00076001	0	0	0	0	0	0	0	0	0	0	0.003164265	0	0	0	0	0	0	0	0	8.21119E-05	0	1.13374E-05	1.05441E-05	0.103512867	6.42921E-06	0	0	0	0	0	0	0	0	0	0	0	0	0	0	0	1.72503E-05	0	0	0	0	2.80954E-05	0
Dorylaimida	0.038295392	0	0	0	0	0	0	0	0	0	0	0	0.000238621	0	0	0	0	0	0	0	0	0	0	0	0	0	0	0	9.70717E-05	0	0	0	0	0	0	0	2.48818E-05	0	0	0	0	0	1.52197E-06	0	0	0.026943445	0	0	0	0	0	0	0	0	0
Dothideales	0.000137137	0	0.012506259	0.002589293	0	0	0.000268926	0	0.004092457	0	0	0	0.006930395	0.001789314	0.0117062	0	0	0.000203286	0.002304077	0	0	0	0.000223181	0	0	0	0.001601113	0	0.000345144	0.000113374	0	0	0	0	0.001030326	0	0	0	0	0	0	0.004960163	0	1.56827E-05	0.000737442	0	0.000424178	0	0	0	0	0.002125013	0	0	0
Eukaryota	0.420015085	0.26506248	0.537720295	0.947985683	0.90600473	0.984771044	0.291347317	0.780875393	0.779563908	0.923997107	0.934136991	0.108659103	0.695965224	0.948638074	0.801441623	0.66047194	0.591841222	0.585803829	0.858990507	0.462505922	0.284149457	0.535260784	0.98207112	0.656190328	0.679360003	0.265265923	0.302392449	0.452847231	0.24867605	0.208380572	0.587821594	0.379942727	0.475427543	0.782919864	0.464470928	0.126144682	0.547474496	0.150321759	0.74936193	0.232319293	0.868606226	0.192667585	0.244466868	0.082200911	0.423235102	0.480637955	0.433616119	0.282517395	0.14514404	0.233331789	0.181961275	0.87405411	0.816590412	0.96724075	0.989989644
Eurotiales	0.000171421	0.001672815	0.004811979	0.007691722	0.008448435	0.001376865	3.36157E-05	0.020658445	0.061124935	0.000667668	0.012701492	0.109040562	0.010893585	0.009959794	0.022127232	0.086709867	0.078129997	0.004980518	0.060889066	0.155963303	0.092593389	0.142327388	0.000967118	0.04684151	0.041002974	0.265753682	0.012473594	0.361908281	0.04801812	0.075914924	0.215120202	0.353032324	0.106281342	0.070640728	0.024178315	0.229487589	0.007613834	0.197244939	0.077392894	0.300256296	0.035789598	0.078919307	0.060655179	0.20910538	0.002439232	0.101785197	0.034093319	0.039208926	0.537933414	0.1522649	0.139697141	0.04737224	0.030584842	0.01328913	0.001725923
Eurotiomycetes	0	0.004532327	0	7.61557E-05	0	0	1.68079E-05	0	0.055952069	0	0	2.82562E-05	0.050058618	1.0779E-05	0	0	0	0.116381501	0	0	0	4.81595E-05	0	0.003702116	0	1.876E-05	3.35312E-05	0	0	0	0	9.807E-06	6.42921E-06	0	0.000583851	9.66996E-06	0	0	0	1.85722E-05	0	3.59432E-05	0	7.84135E-06	0.001531611	1.0343E-05	0	0	0	0	0	0	0	0	0
Filobasidiales	0.007508228	0.000600498	0.003187631	0	0	0	0.00156313	0.064048088	0	5.5639E-05	0.001939864	0	0.00100636	0	0	0	1.99872E-05	0.002879892	0	0.068807339	0	0	0.001673858	0.000175363	0	0	0.00582604	0	0.002998436	0	0	0	0.014009258	0	0.003743518	0	0	0	1.05032E-05	0	0	0.003965734	0	0	0	0	0.005779427	0.012568169	0	0.101128975	0.034148438	0.00248782	0	0	0
Glomerales	0.03256994	0.006162249	2.44263E-05	0	0	4.17232E-05	0.012219309	0.004249145	0	0.000723307	0	0	0	0	0	0	0	0.003896324	0	0	0	0	0	0.006196173	0	0	0.001550816	0	0.018637761	0	0	0	0	0	0.00597589	0	0	0	0	0	0	0.009381178	3.04395E-06	7.84135E-06	0.00277959	2.06859E-05	0.004745493	0	0	0	0	0	0	0	0
Haptorida	0.046180746	0	0	0	0	8.34463E-05	0.005664246	0.002867309	0	0	0	0	4.14994E-05	0	0	0	0	0	0	0	0	0	3.71968E-05	0	0	0	0	0	0.011486814	0	0	0	0	0	0.000206065	0	0.02458323	0	0	9.28609E-06	0	0	0	0	0.004027569	0	0	0	0	0	0	0	0	0	0
Klebsormidiales	0.000137137	0	1.22131E-05	7.61557E-05	0.000102821	0	0.138295011	0.005492797	3.27397E-05	0.000723307	0	0	0.001130858	0	0	0	0	0.002100627	0	0	0	0	0	0	0	0	0.000821514	0	1.07857E-05	0	0	0	6.42921E-06	0	0	0	0.003209754	0	0	0	0	0	0	0	0	0	0	0	1.72503E-05	0	0	0	2.48657E-05	0	0
Malasseziales	0.000342841	0.001601327	0.003773861	0.003046226	0.081005587	0.000250339	0.000134463	0.001243652	0	0.001390975	0.003556418	0.370805725	0.001794848	5.3895E-05	0.013689828	0.06259934	0.147385673	0.002981535	0.003963012	0.152237585	0.074315549	0	0.000855527	0.000448151	0.012649204	0.191482975	0.000318546	0	0.000118643	0.15135368	0.042018136	0.000147105	1.28584E-05	0.057237194	0.000892949	0.27230619	0.003184872	0.252748358	0.035443078	0.000334299	0.025445613	0.000263584	0.076783524	0.066847541	0.000425447	0.000206859	0.001193001	0.009872751	0.000207004	0.108449551	0.110097734	0.002384161	0.006589417	0.004186216	0.000966517
Mammalia	0	0	0	0.00175158	0.000274189	0.000146031	0	0.025667599	0.00091671	0	0.003741167	0.063392718	0.000290496	0.003427721	0.013773643	2.44529E-05	0.031899584	0.000474335	0.007495929	6.46078E-05	0.264942672	0.034016663	0	0.000662484	0.036562513	0	0.00036046	0	1.07857E-05	0.002754977	0	2.9421E-05	0.001054391	0.001017312	0.001099014	0.113419009	4.97636E-05	0.000636815	0.000157548	0.000334299	0.005105401	0.000311508	0.031688994	0.367532091	0	0.000206859	0.000609756	0	0.006606866	0.014146937	0.016287209	0.000621955	0.000994629	0.004888602	0
Mortierellales	0.000754251	0.000543307	1.22131E-05	0	1.71368E-05	0.000104308	0	0	0	0	0	0	0.000383869	0	0	0	0	0	0	0	0	0	0	0	0	0	0	4.1056E-05	0.018271046	0	1.05441E-05	0	6.42921E-06	0	0.0062163	0	0	0	0	0	0	0	0	0	0.001333069	0	0.000874867	0	0	0	0	0	0.004177442	0	0
Mucorales	0	0	0	0	0	0	6.72314E-05	0	0	0	0	0	0	0	0	0	0	0	0	0	0	0	0	0.000331242	0	0	0	0	0.000237286	0	0	0	0	0	0.000377786	0	0	0	0	0	0	0	0	0	0	0	0	0	0	0	0.036503888	0.014512284	0	0	0
Mucoromycota	0	0	0	0	0	0	0.000537851	0.002383667	0	0	0	0	0.001130858	0	0	0	0.018548129	0.000847027	0	0	0	0	0	0.005553174	0	0	0	0	0.02552985	0	0	0	6.42921E-06	0	0.028540028	0	0	0	0	0	0	0	0	0	0.002183963	0	0	0	0	0	5.58163E-06	0	0	0	0
Naviculales	0.000617115	0	0	0	0	0	0.00023531	0	0	0	0	2.82562E-05	0.000165997	0	0	0	1.99872E-05	0.000880908	0	0	0	0	0	0.000837847	1.01845E-05	0	0.023916105	0	0	1.13374E-05	1.05441E-05	0	0	7.13903E-05	0.001339424	0	0.092634984	3.35166E-05	0	9.28609E-06	7.39913E-06	0.007631942	0	0	0.025753751	0	0.03971368	0.003729706	0	0	0	0	0	0	0
Pezizales	0.005725453	0.013697063	0	0	0	0	0	0	0	0.001780448	0	0	0.001556226	0	0	0	0	0.003896324	0	0	0	0	0	0.016250341	0	0	8.38279E-06	8.21119E-05	0.055222995	0	0	9.807E-06	0	0	0.000240409	0	0	0	0	0	0	0.005199784	0	0	0.021584366	0	0	0	0	0	1.67449E-05	0	0	0	0
Plectida	0	0	0	0	0	0	0	0	0	0	0	0	0	0	2.79384E-05	0	0	0	0	0	0	0	0	0	0	0	0	0	0	0	1.05441E-05	0	0	0	0.110107497	0	0	0	0	0	0	0	0	0	0	0	0	0	0	0	0	0	0	0	0
Pleosporales	0.030650027	0.011938463	0.007010345	0	0	0.002336497	0.016421272	0.00521643	0.013914353	0	0.003279294	0	0.018560594	0.000258696	0.019696589	0	0	0.028527867	0	0	0	0	0.001376283	0.004091812	0	1.876E-05	0.133127117	0	0.025227849	0.055473675	3.16322E-05	9.807E-06	0	0.003747992	0.015729642	4.83498E-05	0.004428962	3.35166E-05	0.018774486	3.71443E-05	3.69957E-05	0.246738154	0.044304626	2.35241E-05	0.02476104	1.0343E-05	0.118133616	0.007020623	0	0	5.58163E-06	0.002643309	0.002710364	0.000477622	0.000621332
Poales	0.000445694	0.001072317	0	0	0	0.000166893	0	0.001105469	0.001145888	0.000667668	0	0	0.002209842	1.0779E-05	0	0.013008925	0	0	0	0.008937417	0.005969328	0.015651839	0.000334772	0.020244729	7.12918E-05	0	0.02435201	4.1056E-05	0.001510004	0.094723595	0.02158372	9.807E-05	0.015352964	0.006746386	0.005392039	0.000164389	2.48818E-05	0.070451803	0.007777626	0.084178367	0.000140583	3.59432E-05	0.048966428	0.029812827	0.001361432	0	0.000795334	0.003855074	0.047472831	0.011027197	5.58163E-06	0	0	0	0.001449776
Polyporales	0	1.42976E-05	0	0	0	0	0	0	0	0	0	0	0.000529117	0	0	0.005110649	0.034777742	3.38811E-05	0	0	4.30067E-06	0	0	0	0	0	0.000293398	0	8.62859E-05	0.018967394	0	9.807E-06	0	0	3.43442E-05	0	0	0	0	0	0	0	0	7.84135E-06	2.83632E-05	0	0	0	0	0.000586882	0	0.000777444	0.004227173	0	0
Rhabditida	0.000651399	0	0	0	0	0	0.002386715	0	0	0.01185111	0	0	0.00034237	0	0	0	0	0	0	0	0	0	0	0.002805814	0	0	0.005473963	0	0.003699509	0	0	0	0	0	0.003400076	0	0.000149291	3.35166E-05	0.01813379	0	0	0.006122327	0	0	0.000226905	0.039727359	0.001086957	0.000438789	0	0	0	0	0.000323254	0	0
Sessilida	0.00603401	0	0	0	0	0	0.000655506	0	0	0	0	0	0	0	0	0	0	0.012163307	0	0.002153594	0	0	0	0	0	0	0	0	0.001337432	0	0	0	0	0	0.012741697	0.016593658	0	0	0	0	0	0.002048763	3.04395E-06	0	0.002581048	0	0.006601273	0	0	0	5.58163E-06	0	0	0	0
Sphaeropleales	0.001919912	0	0	0	0	0	0.008740083	0.001381836	0	0	0	0	0.000124498	0	0	0	0	0.0012536	0	0	0	0	0.000297575	0	0	0	0.006161352	0	0	1.13374E-05	1.05441E-05	9.807E-06	0	0	0.000343442	0	0	0	0	0	0	0.002707722	0	0	0.002836316	0	0.00678685	0.018711214	0	0	0	0.000362807	0	0	0
Spirotrichea	0.030547175	0.000957937	0	0	0	0	0.063432836	0	3.27397E-05	0.001446614	0	0	0.00195047	0	0	0	0	0.000847027	0	0	0.008777664	0	0	0.005338841	0.000122215	0	0	0.000287392	0.173057218	0	0.000105441	0.000117684	5.14337E-05	0	0.003709173	0	0.002911172	0	0	1.85722E-05	7.39913E-06	0.005163841	0	0	0.003914116	0	0.001193001	0	0	0	0	0	0	0	0
Sporadotrichida	0.055951728	0.018586829	0	0	0	0	0.037044507	3.45459E-05	0	0	0	0	0.004979925	0	0	0	0	0.002642724	0	0	0	0	0	0.018530065	2.03691E-05	9.37998E-05	0.023178419	0	0.053087418	3.40121E-05	1.05441E-05	2.9421E-05	1.28584E-05	0	0.015695298	0	0.006668325	0	0	0	0	0	0	0	0.045919959	0	0.006415695	0.00197455	0	0	0	0.001503058	0	0	0
Sporidiobolales	3.42841E-05	0	0.002247218	0.000609245	0.000205641	0	0	0	0	5.5639E-05	0	0	0	1.0779E-05	0	2.44529E-05	0	0	0	0	0.000103216	0	0.000223181	1.94848E-05	1.01845E-05	0	0	0.004680379	0	0	0	0.001981014	0	0	0.000171721	0.000212739	0.000373227	0.07769138	0.007488788	0.000315727	0.000133184	0.00783562	0.19281568	0.000101938	0	0.00010343	0	0.038707453	0	1.54443E-05	0	0.000310978	0	0.000702385	0
Streptophyta	0.036169775	0.618426696	0.006741655	0.002208514	0	0.00131428	0.010320022	0.004940063	0.000130959	0.003115785	0.004757286	0	0.019141585	0.000247917	0.001033722	0.049932755	1.99872E-05	0.042317466	0.001259562	2.15359E-05	0.023602068	1.60532E-05	0.002566582	0.062780094	1.01845E-05	0	0.003369882	4.1056E-05	0.035377231	0.050711986	4.21763E-05	9.807E-06	6.42921E-06	0.01977512	0.008963836	1.93399E-05	0.062254292	0.000368682	3.67612E-05	0.000120719	3.69957E-05	0.058479602	5.4791E-05	0.002673902	0.004793374	0.080551074	0.008271474	0.002256629	0.000103502	0.088001359	0.318437812	0.00243599	0.054157549	0.001657629	6.90369E-05
Synchytriales	0	0	0	0	0	0	0	0	0	0.000445112	0	0	1.03748E-05	0	0	0	0	0	0	2.15359E-05	0	0	0	0	0	0	1.67656E-05	0	0	0	0	0	6.42921E-06	0	0	9.66996E-06	0	3.35166E-05	0	1.85722E-05	2.95965E-05	0.232864075	6.54448E-05	7.84135E-06	2.83632E-05	3.10289E-05	0	0	0	0	0	0	0	0	0
Thysanoptera	6.85683E-05	0.000271654	0.391687734	0.003122382	0.000891113	0.00091791	0.000201694	0.001830932	0.006940807	0.001502253	0.01390236	0.111272799	0.000933736	0.001659966	0.01346632	0.03530994	0.033498561	0.000982551	0.025652054	0.046000775	0.049126534	0.082978826	0	0.002786329	0.067859616	0	8.38279E-06	4.1056E-05	0	0	0	1.9614E-05	6.42921E-06	0.011743709	0	0	0	0	0	0	7.39913E-06	0	1.52197E-06	0	0.000113453	1.0343E-05	0	0	0	0	0	0.002228672	0.008802467	0.001826202	0.000690369
Trombidiformes	0	0	1.22131E-05	0	0	0	0	0	0	0	0	0	0	0	0	0	0	3.38811E-05	0	0	0	0	0	0	0.000234245	0.00016884	0.266296147	8.21119E-05	0.00050693	0	7.38085E-05	0.000215754	0	0	0.000549507	0.026447352	0	3.35166E-05	0	9.28609E-06	0	0	0	0	0	0	0	0	0.000103502	0	5.58163E-05	0	0	0	0
Ulvales	0.000205705	0	0	0	0	0	0.013076509	0.007081908	0	0.000222556	0	0	0	0	0	0	0	0.000575978	0	0	0	0	0	0	0	0	0.001835831	0	0	0	0	0	0	0	0.000274754	0	0	0	0	0	0	0	0	0	0.003091585	0	0.002306469	0.007302702	1.72503E-05	0	0	0.000881103	0	0.000618099	0