depth	0.15-1.5	0.15-1.5	0.15-1.5	3.05-4.60	3.05-4.60	6	0.15-1.5	0.15-1.5	3.05-4.60	3.05-4.60	6	3.05-4.60	0.15-1.5	0.15-1.5	3.05-4.60	3.05-4.60	6	0.15-1.5	0.15-1.5	3.05-4.60	3.05-4.60	6	3.05-4.60	0.15-1.5	0.15-1.5	3.05-4.60	3.05-4.60	6	0.15-1.5	0.15-1.5	3.05-4.60	3.05-4.60	6	6	0.15-1.5	0.15-1.5	0.15-1.5	0.15-1.5	3.05-4.60	3.05-4.60	6	0.15-1.5	0.15-1.5	3.05-4.60	0.15-1.5	6	0.15-1.5	0.15-1.5	3.05-4.60	3.05-4.60	6	0.15-1.5	3.05-4.60	3.05-4.60	6
Actinochloris	0	0	0	0	0	0	0.008975393	0	0	0	0	0	0.001379854	0	0	0	0	0.015144842	0	0	0	0	0	0	0	1.876E-05	0.026380646	4.1056E-05	8.62859E-05	0	0	0.000107877	0	0	0.007624412	0	0.008559343	0	0	0	0	0	0	0	0.004538106	0	0.008112407	0.021876763	6.90012E-05	0	0	0	0	0	0
Actinopteri	0.000479978	0.000343141	0.009098792	0.005483208	0.001182438	0.000855325	0.000437004	0.009914672	0.027010215	0.0022812	0.004341601	0.189231573	0.001659975	0.010089142	0.071717934	0.029930309	0.040933802	0.000813146	0.008141071	0.059503812	0.108316632	0.138249884	0.000743937	0.008963018	0.126064285	0.273933027	0.002456158	0.123701605	0.000539287	0.146161172	0.107549557	0.144074612	0.325144657	0.025878993	0.001579833	0.190846412	0.014182632	0.191379541	0.029498262	0.298993388	0.051867911	0.019313485	0.203991526	0.206219762	0.000510537	0.223925365	0.002757158	0.024196076	0.155287218	0.243231556	0.145619254	0.003368923	0.009349513	0.001208103	0.00089748
Agaricales	0.00983955	0	0	0	0	0	0	0	0	0.000278195	0	0	1.03748E-05	0.009701098	0.000111754	0.00349676	0	0	0	0	4.30067E-06	0	0	0.009372199	1.01845E-05	0	0.010906012	0	0.000625573	0	0	0	0	0	3.43442E-05	0	0	0	0.022807718	9.28609E-06	0	1.19811E-05	0	0	0.005956264	1.0343E-05	0.000662778	0	0	0	0	0	0	0	0
Agaricomycetes	0.000171421	1.42976E-05	0.007865265	0.011042571	0	0	0.000302541	0	0.004681771	0.00055639	0	0	0.000674365	0	0	4.89057E-05	3.99744E-05	0.001626292	0	0	4.30067E-06	1.60532E-05	0.000111591	0.004462024	1.01845E-05	0	0.000444288	0	0.000830502	0	0	0	0	0	0.141326373	0	2.48818E-05	0	5.2516E-06	0	0	1.19811E-05	1.52197E-06	0	2.83632E-05	1.0343E-05	0.000768823	0.014950166	0	0	5.58163E-06	0.004716492	0	0.000730481	0
Alternaria	0.004594076	0	0.004164682	0	0	0.000438093	0.009698131	0.000656372	0.00756286	0	0	0	0.003994315	0.000258696	0.002542397	0	0	0.014907674	0	0	0	0	0.001078709	0.002981178	0	0	0.002623814	0	0.002728793	0	0	0	0	0.003730145	0.000274754	0	0.002314008	0	0	0	0	0.027951836	0	0	0.00502028	0	0.008165429	0.003572996	0	0	0	0.001658547	0	0.000477622	0
Apatococcus	0	0	1.22131E-05	0	0	0	0	0	0	0	0	0	0	0	0	0	0	0	0	0	0	0	0	0	0	0	0	0	0	0	0	0	0	0	0.000103033	0	0	0	0	0	0	0	0	0	0	0	0	6.26841E-05	0.091823357	7.72213E-05	1.67449E-05	0.000310978	0	0	0
Ascomycota	0.001954196	0.000171571	3.66394E-05	0	0	2.08616E-05	0.00164717	0.007531005	0.000130959	5.5639E-05	0	2.82562E-05	0.002178717	2.1558E-05	0	4.89057E-05	0	0.004167373	0	0	4.30067E-06	1.60532E-05	0.001525071	0.004968629	1.01845E-05	5.62799E-05	0.009162391	0.000123168	0.033953513	0.028343386	1.05441E-05	3.9228E-05	6.42921E-06	0	0.019301439	6.76897E-05	0	0.000201099	1.57548E-05	2.78583E-05	7.39913E-06	0.006649494	4.87031E-05	3.13654E-05	0.000368721	2.06859E-05	0.004321315	0	5.17509E-05	3.08885E-05	1.11633E-05	0.001036592	2.48657E-05	0	6.90369E-05
Aspergillus	0	0.00128678	0.001868611	0.006930165	0.008225657	0.00079274	3.36157E-05	0.004076416	0.042757988	0.000111278	0.00854464	0.076065611	0.002728584	0.005184698	0.017712961	0.00802054	0.002138631	0.00315094	0.014315996	0.080329069	0.052287525	0.067519625	0.000111591	0.030181988	0.040982605	0.265734922	0.011945478	0.361744057	0.035560589	0.075869575	0.214972585	0.253608975	0.051131542	0.037247903	0.01284473	0.229419899	0.007514307	0.197110873	0.063297587	0.180410074	0.035782199	0.061786378	0.048916203	0.209074015	0.000482174	0.101650738	0.003419936	0.039208926	0.537898913	0.112665833	0.139685977	0.002280502	0.015168092	0.008737673	0.000966517
Australothrips	6.85683E-05	0.000271654	0.391638882	0.003122382	0.000891113	0.00091791	0.000201694	0.001830932	0.006940807	0.001502253	0.01390236	0.111272799	0.000933736	0.001659966	0.01346632	0.03530994	0.033498561	0.000982551	0.025652054	0.046000775	0.049126534	0.082962773	0	0.002786329	0.067859616	0	8.38279E-06	4.1056E-05	0	0	0	1.9614E-05	6.42921E-06	0.011743709	0	0	0	0	0	0	7.39913E-06	0	1.52197E-06	0	0.000113453	1.0343E-05	0	0	0	0	0	0.002228672	0.008802467	0.001826202	0.000690369
Bacillariaceae	0	0	0	0	0	0	0.003311147	0	0	0	0	0	0	0	0	0	0	0.009656107	0	0	0	0	0.000111591	0.001831573	0	0	0.013898669	0	0.000129429	0	0	0	0	0	0.000892949	0	0.00577258	0	0	0	0	0	0	0	0.011458717	0	0.002014846	0.004199837	0	0	0	0	0	0	0
Bacillariophyceae	0.000308557	0	0	0	0	0	0.033884631	0.002936401	0	0	4.61872E-05	0	0.000352745	0	0	0	0	0	0	0	0	0	0	0	0	0	4.1914E-05	0	1.07857E-05	0	0	0	0	8.92379E-05	3.43442E-05	0	0.005125653	0	0	9.28609E-06	0	1.19811E-05	0	0	0.037411011	0	0.001802757	0.003823732	1.72503E-05	0	0	5.18296E-05	2.48657E-05	0	0
Bacillariophyta	3.42841E-05	8.57854E-05	0	0	0	0	0.004050692	0.001623657	6.54793E-05	0	0	0	0.001390229	1.0779E-05	0	2.44529E-05	0	0.032763002	0	0	4.30067E-06	0	0	0.002844784	0	0	0.020755793	4.1056E-05	2.15715E-05	0	0	0	0	0	0.007109249	9.66996E-06	0.008882807	0	0	0	0	0	0	0	0.072921689	0	0.094379639	0.008023569	0	0	0	0.00124391	0	0	0
Bdella	0	0	1.22131E-05	0	0	0	0	0	0	0	0	0	0	0	0	0	0	3.38811E-05	0	0	0	0	0	0	0.00022406	0.00016884	0.266296147	8.21119E-05	1.07857E-05	0	7.38085E-05	0.000215754	0	0	0.000549507	9.66996E-06	0	3.35166E-05	0	0	0	0	0	0	0	0	0	0	0.000103502	0	0	0	0	0	0
Bryopsida	0.001097093	0	0	0	0	0	0.039935458	0.005458251	0	0.002114283	0	0	0.005654289	0	0	0	0	0	0	0	0	0	0.000483559	0	0	0	0	0	0	0	0	0	0	0	0.000137377	9.66996E-06	0	0	0	0	0	0.000634997	0.010784699	0	0	1.0343E-05	0.000424178	0	0	0	0	0	0	0	0
Cercozoa	0.09003017	0.030325127	0	0.000990024	0	0.001814958	0.109049348	0.004387329	0	0.002169922	0.000230936	0	0.025781485	0	0	0	0	0.019447738	0	4.30719E-05	0.006924076	0	0.000557953	0.075601107	1.01845E-05	0	0.015508165	0	0.088475435	0	0	1.9614E-05	0	7.13903E-05	0.034962393	4.83498E-05	0.078651406	3.35166E-05	1.05032E-05	9.28609E-06	1.47983E-05	0.033007848	0.027101768	2.35241E-05	0.042686559	0.004737082	0.027836691	0.043314737	0	0	0	0.003006116	0.004873682	0.000842862	0.000621332
Chlamydomonadales	0.003154142	0	0.000940412	0	1.71368E-05	0	0.020387925	0	0.011720796	0	4.61872E-05	0	0.00162885	0	0.009610818	4.89057E-05	0	0.014738269	0	0	0	0	0	0	0	0	0.012683164	0	0.000118643	0	1.05441E-05	0	0	0	0	0	0.02485693	0	1.05032E-05	0	0	0.000742826	0	0	0.030887483	0	0.019697773	0.006393782	3.45006E-05	0	0	0.00129574	0	0	0
Chlamydomonas	0	1.42976E-05	0	0	0	0	0.001025279	0	6.54793E-05	0	0	0	0.000508367	0	2.79384E-05	0.003985817	0	0.002913773	0	0	4.30067E-06	0	0	0	0	0	0.00087181	0	0	0	0	0	0	1.78476E-05	0	0	0.004304553	0	0.007226208	0	0	0	0	7.84135E-06	0.023598151	0	0.02757158	0.023287156	0	0	0	0	2.48657E-05	0	0
Chlorosarcinales	0.000377126	0	0	0	0	6.25848E-05	0.014353906	0.003661865	3.27397E-05	0	0	0	0.001078984	0	0	0	0	0.005996951	0	0.006460783	0	0	0	0.000798878	1.01845E-05	1.876E-05	0.009480938	0	0	1.13374E-05	0	0	0	0	0.001923275	0	0.021796467	0	0	0	0	0.002743665	0	0	0.023938509	0	0.037036055	0.005923651	0	0	0	0	0	0	0
Cladosporium	0.001542787	0	0	0.001446958	0	0.003796808	0.009261127	0.008981932	0.012080932	0.001724809	0.006604776	0.013831395	0.004004689	0.00850463	0.006900791	0.003472307	0	0.001863459	0.001259562	0.005039411	0	0.005442024	0.002194614	0.000604029	1.01845E-05	0.001988556	0.000318546	0.011044053	0.000776573	0	0.015510333	0.003403028	0	0	0.002266717	0	0.005324708	0.015417616	0.002053377	0.026075329	7.39913E-06	0.001413766	0.014863586	7.84135E-06	0.003063221	0.017190021	0.003472959	0.02244092	0	0.008556117	0	0.010262258	0.026830117	2.80954E-05	0
Colpodea	0.008125343	0.000257356	0	0	0	0	0.00141186	0.001312744	0	0	0	0	0.000228247	0	0	0	0	0	0	0	0	0	0	0.002260239	0	0	0.00159273	0	0.00458394	0	0	0	0	0	0.000686884	0	0.001766609	0	0	0	0	0.005355538	0	0	0.032929631	0	0.001749735	0	0	1.54443E-05	0	0	2.48657E-05	0	0
Colpodida	0.003462699	0.00885019	0	0	0	0	0.004185155	0	0	0	0	0	0.00430556	0	0	0	0	0.001626292	0	0	0	0	0.001041512	0.000467636	0	0	0.000838279	0	0.005134013	0	0	0	0	0	0.00171721	0	0.002662354	0	5.2516E-06	0	0	0.01141796	0	0	0.012252886	0	0.000424178	0	0	0	0	0.000881103	0	0	0
Cryptophyta	0.008948162	0.001072317	0	0.000152311	0	0	0.002185021	0	0	0	0	0	0.018768091	0	0	4.89057E-05	0	0.002608843	0	0	4.30067E-06	0	0	0.001363937	0	0	0.00041914	0	0.00392601	0	0	0	0	0	0.001236391	9.66996E-06	0.001144563	0	3.15096E-05	0	0	0.00033547	0	0	0.00170179	0	0.001696713	0	0	0	0	0.000518296	0.010692262	0	0
Culex	0	0	0	0	0	0	0	0	0	0	0	0	0	0	0	0	0	0	0	0	0	0	0	0	0	0	0	8.21119E-05	0	1.13374E-05	1.05441E-05	0.103473639	6.42921E-06	0	0	0	0	0	0	0	0	0	0	0	0	0	0	0	1.72503E-05	0	0	0	0	2.80954E-05	0
Cystofilobasidium	0	0	0	0	0	0	0	0	0	0	0	0	0	0	0	0	0	0	0	0	0	1.60532E-05	0	0	0	0	0	0	0	0	0	0	0	0	0	0	0	0	0	0	0	0	0	0	0	0	5.30223E-05	0.305209052	1.72503E-05	1.54443E-05	5.58163E-06	0	0	0	0
Didymellaceae	0	0	0	0	0	0	0.001445475	0.002280029	0.006286014	0	0.003279294	0	1.03748E-05	0	0	0	0	0	0	0	0	0	0	0	0	0	0.002087315	0	0.000258858	0	0	0	0	0	3.43442E-05	1.93399E-05	0.002015427	0	3.67612E-05	9.28609E-06	7.39913E-06	0.148337627	1.52197E-06	0	0.006296622	0	0.004639449	0	0	0	0	0	0	0	0.000621332
Eukaryota	0.420015085	0.26506248	0.537720295	0.947985683	0.90600473	0.984771044	0.291347317	0.780875393	0.779563908	0.923997107	0.934136991	0.108659103	0.695965224	0.948638074	0.801441623	0.66047194	0.591841222	0.585803829	0.858990507	0.462505922	0.284149457	0.535260784	0.98207112	0.656190328	0.679360003	0.265265923	0.302392449	0.452847231	0.24867605	0.208380572	0.587821594	0.379942727	0.475427543	0.782919864	0.464470928	0.126144682	0.547474496	0.150321759	0.74936193	0.232319293	0.868606226	0.192667585	0.244466868	0.082200911	0.423235102	0.480637955	0.433616119	0.282517395	0.14514404	0.233331789	0.181961275	0.87405411	0.816590412	0.96724075	0.989989644
Eurotiomycetes	0	0.004532327	0	7.61557E-05	0	0	1.68079E-05	0	0.055952069	0	0	2.82562E-05	0.050058618	1.0779E-05	0	0	0	0.116381501	0	0	0	4.81595E-05	0	0.003702116	0	1.876E-05	3.35312E-05	0	0	0	0	9.807E-06	6.42921E-06	0	0.000583851	9.66996E-06	0	0	0	1.85722E-05	0	3.59432E-05	0	7.84135E-06	0.001531611	1.0343E-05	0	0	0	0	0	0	0	0	0
Filobasidiales	0.006685409	0.000600498	3.66394E-05	0	0	0	5.04236E-05	0.063909904	0	0	0	0	0.000155623	0	0	0	1.99872E-05	0.002879892	0	0.068290477	0	0	0	0	0	0	0.005742212	0	0.002976865	0	0	0	0.013925678	0	0.003743518	0	0	0	0	0	0	0.003941772	0	0	0	0	0.002889714	0	0	3.08885E-05	0.033947499	0	0	0	0
Filobasidium	0	0	0	0	0	0	0	0	0	0	0.001939864	0	0.000788488	0	0	0	0	0	0	0	0	0	0.001562268	0	0	0	0	0	0	0	0	0	0	0	0	0	0	0	0	0	0	0	0	0	0	0	0	0.012348775	0	0.099800769	0	0.00248782	0	0	0
Gonostomum	0	0	0	0	0	0	0.009664515	0	0	0	0	0	0.003029454	0	0	0	0	0.002642724	0	0	0	0	0	0.018530065	0	9.37998E-05	0	0	6.47144E-05	0	0	9.807E-06	0	0	0.007487035	0	0.00507589	0	0	0	0	0	0	0	0.020421477	0	0	0	0	0	0	0	0	0	0
Haptorida	0.045529347	0	0	0	0	8.34463E-05	0	0.002867309	0	0	0	0	2.07497E-05	0	0	0	0	0	0	0	0	0	3.71968E-05	0	0	0	0	0	0.002286577	0	0	0	0	0	0	0	0.02458323	0	0	9.28609E-06	0	0	0	0	2.83632E-05	0	0	0	0	0	0	0	0	0	0
Herpotrichiellaceae	0	0	0.000671723	0	0	0	0	0.000449097	3.27397E-05	0	0	0	0	0	0	0	0.011332747	0.001626292	0	0	0	0.022458382	0	0	0	0	0	0	0	0	0	0	0	0.008513296	0.000824261	0	0	0	0	0	0	0	0	0	0	0	0.000662778	0	0	0	0	0	0	0	0
Klebsormidium	0	0	1.22131E-05	7.61557E-05	0.000102821	0	0.138244588	0.005492797	3.27397E-05	0.000723307	0	0	0.001130858	0	0	0	0	0.002100627	0	0	0	0	0	0	0	0	0.000821514	0	1.07857E-05	0	0	0	6.42921E-06	0	0	0	0.003209754	0	0	0	0	0	0	0	0	0	0	0	1.72503E-05	0	0	0	2.48657E-05	0	0
Lasiodiplodia	0	0	0	0	0	0	0	0	0	0	0	0	0	0	0	0	0	0	0	0	0	0	0	0	0	0	0	0	0	0.115913111	0	0	0	0	0	0	0	0	0	0	0	0	0	0.01193454	0	0	0	0	0	0	0	0	0	0	0
Malassezia	0.000342841	0.001601327	0.003773861	0.003046226	0.081005587	0.000250339	0.000134463	0.001243652	0	0.001390975	0.003556418	0.370805725	0.001794848	5.3895E-05	0.013689828	0.06259934	0.147385673	0.002981535	0.003963012	0.152237585	0.074315549	0	0.000855527	0.000448151	0.012649204	0.191482975	0.000318546	0	0.000118643	0.15135368	0.042018136	0.000147105	1.28584E-05	0.057237194	0.000892949	0.27230619	0.003184872	0.252748358	0.035443078	0.000334299	0.025445613	0.000263584	0.076783524	0.066847541	0.000425447	0.000206859	0.001193001	0.009872751	0.000207004	0.108449551	0.110097734	0.002384161	0.006589417	0.004186216	0.000966517
Mammalia	0	0	0	0.00175158	0.000274189	0.000146031	0	0.025667599	0.00091671	0	0.003741167	0.063392718	0.000290496	0.003427721	0.013773643	2.44529E-05	0.031899584	0.000474335	0.007495929	6.46078E-05	0.264942672	0.034016663	0	0.000662484	0.036562513	0	0.00036046	0	1.07857E-05	0.002754977	0	2.9421E-05	0.001054391	0.001017312	0.001099014	0.113419009	4.97636E-05	0.000636815	0.000157548	0.000334299	0.005105401	0.000311508	0.031688994	0.367532091	0	0.000206859	0.000609756	0	0.006606866	0.014146937	0.016287209	0.000621955	0.000994629	0.004888602	0
Mastophorus	0	0	0	0	0	0	0	0	0	0	0	0	0	0	0	0	0	0	0	0	0	0	0	0	0	0	0	0	0	0	0	0	0	0	0	0	0	3.35166E-05	0.018070771	0	0	0	0	0	0	0.039561872	0	0	0	0	0	0	0	0	0
Mortierella	0.000754251	0.000386034	1.22131E-05	0	1.71368E-05	0.000104308	0	0	0	0	0	0	0.000383869	0	0	0	0	0	0	0	0	0	0	0	0	0	0	4.1056E-05	0.018271046	0	1.05441E-05	0	6.42921E-06	0	0.0062163	0	0	0	0	0	0	0	0	0	0.001333069	0	0.000874867	0	0	0	0	0	0.004177442	0	0
Mucoromycota	0	0	0	0	0	0	0.000537851	0.002383667	0	0	0	0	0.001130858	0	0	0	0.018548129	0.000847027	0	0	0	0	0	0.005553174	0	0	0	0	0.02552985	0	0	0	6.42921E-06	0	0.028540028	0	0	0	0	0	0	0	0	0	0.002183963	0	0	0	0	0	5.58163E-06	0	0	0	0
Nitzschia	0	0	0	0	0	0	0	0	0	0	0	0	0	0	0	0	0	0	0	0	0	0	0	0	0	0	0	0	0	0	0	0	0	0	0	0	0	0	0	0	0	0	0	0	2.83632E-05	0	0	0.050460728	0	0	0	0	0	0	0
Ophiosphaerella	0	0	0	0	0	0	0	0	0	0	0	0	0.001815598	0	0	0	0	0	0	0	0	0	0	0	0	1.876E-05	1.67656E-05	0	0.000571644	0.053036143	0	9.807E-06	0	0	3.43442E-05	0	0	0	0	0	0	0.000623016	0	0	0.001276342	0	0.002412513	0	0	0	0	0.000881103	0.002710364	0	0
Oxytrichidae	0.001097093	0.01418318	0	0	0	0	0.003277531	0	0	0	0	0	0.001068609	0	0	0	0	0	0	0	0	0	0	0	1.01845E-05	0	0.023178419	0	0.04801812	2.26747E-05	0	1.9614E-05	0	0	0.008208263	0	0.001542672	0	0	0	0	0	0	0	0.022293445	0	0.000106045	0	0	0	0	0.001503058	0	0	0
Penaeus	0	0	0	0	0	0	0	0	0.00091671	0.000222556	0.001200868	0	0	0	2.79384E-05	0.008851938	0	3.38811E-05	0.004638874	0	0	0	0	0	2.03691E-05	1.876E-05	0.000435905	0	1.07857E-05	0.01461385	0.007085618	0	0.057682911	0	0	0.013305871	0	0	5.2516E-06	9.28609E-06	0	2.39621E-05	0.040746254	7.84135E-06	0	2.06859E-05	0	0	0	0.014934594	0	0	0	0.00036524	0
Penicillium	0.000171421	0.000386034	0.002943368	0.000761557	0.000205641	0.000563263	0	0.016582029	0.018366946	0.000500751	0.004156852	0.032960823	0.003465198	0.004775096	0.004414271	0.078664873	0.075971378	0.001727935	0.046511628	0.075612698	0.040301563	0.074743551	0.000855527	0.014633101	1.01845E-05	0	0.000243101	8.21119E-05	0.007312733	0	3.16322E-05	0.099335086	0.055149801	0.03335713	0.011333585	9.66996E-06	9.95272E-05	3.35166E-05	0.014090055	0.11978122	7.39913E-06	0.009524951	0.011633959	7.84135E-06	0.000368721	0	0.029931071	0	0	0.039475513	0	0.045091738	0.015391884	0.004551457	0.000759406
Pleosporales	0.024993143	0.011938463	0.000488526	0	0	0.001898404	0.005210434	0.002280029	6.54793E-05	0	0	0	0.00762551	0	0.017126254	0	0	0.00786041	0	0	0	0	0	7.79393E-05	0	0	0.127259162	0	0.021355768	0.002414856	3.16322E-05	0	0	1.78476E-05	0.015351856	2.90099E-05	7.46454E-05	3.35166E-05	0.018737724	2.78583E-05	2.95965E-05	0.06965794	0.044301582	2.35241E-05	0.007998412	1.0343E-05	0.100874867	0.003447627	0	0	5.58163E-06	0.000103659	0	0	0
Poaceae	0.000445694	0.001043722	0	0	0	0.000166893	0	0.001105469	0.001145888	0.000667668	0	0	0.002209842	1.0779E-05	0	0.013008925	0	0	0	0.008937417	0.005969328	0.015651839	0	0.020244729	7.12918E-05	0	0.02368977	4.1056E-05	0.001510004	0.094723595	0.02158372	9.807E-05	0.015352964	0.006746386	0.005392039	0.000164389	2.48818E-05	0.070451803	0.007777626	0.084178367	0.000140583	3.59432E-05	0.048966428	0.029812827	0.001361432	0	0.000742312	0.003855074	0.047472831	0.010934532	5.58163E-06	0	0	0	0.001449776
Rhogostoma	0.038672518	0	0	0	0	8.34463E-05	0.014656447	0.000725464	0	0.000278195	0	0	0.004699804	0.001121016	0	0	0	0	0	0	0	0	0	0	0	0	0.002355564	0	0.000636359	0	0	0	0	0	0.002541471	0	2.48818E-05	0	5.2516E-06	0	0.009478287	0.002539987	0	0	0	0	0.009278897	0	0	1.54443E-05	7.25612E-05	0	2.48657E-05	2.80954E-05	0
Sardina	0	0	0.00042746	0	0	0	0	0.001796386	0.00284835	0	0.002309362	0.02678685	0.000311245	0.001239585	0.003436426	0.02430615	0	0	0.00660502	0	0	0.021270448	0	0.000915787	0.018271072	0	0	0	0	0	0	0	0	0.010422988	0	0	0	0	0	0	0	0	0	0	0	0	0	0	0	0	0	0.001451228	0.006266163	0	0
Scenedesmaceae	0.000617115	0	0	0	0	0	0.002605217	0	0	0	0	0	0	0	0	0	0	0	0	0	0	0	0.000297575	0	0	0	0.001919659	0	0	1.13374E-05	0	0	0	0	0	0	0	0	0	0	0	0	0	0	0.001247979	0	0.004241782	0.013320379	0	0	0	0	0	0	0
Spirotrichea	0.030547175	0.000957937	0	0	0	0	0.063432836	0	3.27397E-05	0.001446614	0	0	0.00195047	0	0	0	0	0.000847027	0	0	0.008777664	0	0	0.005338841	0.000122215	0	0	0.000287392	0.173057218	0	0.000105441	0.000117684	5.14337E-05	0	0.003709173	0	0.002911172	0	0	1.85722E-05	7.39913E-06	0.005163841	0	0	0.003914116	0	0.001193001	0	0	0	0	0	0	0	0
Sporidiobolales	3.42841E-05	0	0.002247218	0.00053309	0.000205641	0	0	0	0	0	0	0	0	1.0779E-05	0	2.44529E-05	0	0	0	0	9.46147E-05	0	0.000223181	1.94848E-05	1.01845E-05	0	0	0.004680379	0	0	0	0.001971207	0	0	0.000171721	0.000212739	0.000348345	0.07769138	0.007483536	0.000315727	0.000133184	0.00783562	0.192712186	9.40962E-05	0	0.00010343	0	0.038676111	0	1.54443E-05	0	0.000310978	0	0.000702385	0
Stauroneidaceae	0.00058283	0	0	0	0	0	0.000218502	0	0	0	0	0	0.000145248	0	0	0	0	0	0	0	0	0	0	0	1.01845E-05	0	0.022021594	0	0	1.13374E-05	0	0	0	7.13903E-05	0.001270735	0	0.090768848	3.35166E-05	0	9.28609E-06	7.39913E-06	0.00761996	0	0	0.013897949	0	0.035153765	0.003729706	0	0	0	0	0	0	0
Streptophyta	0.036169775	0.618426696	0.006741655	0.002208514	0	0.00131428	0.010320022	0.004940063	0.000130959	0.003115785	0.004757286	0	0.019141585	0.000247917	0.001033722	0.049932755	1.99872E-05	0.042317466	0.001259562	2.15359E-05	0.023602068	1.60532E-05	0.002566582	0.062780094	1.01845E-05	0	0.003369882	4.1056E-05	0.035377231	0.050711986	4.21763E-05	9.807E-06	6.42921E-06	0.01977512	0.008963836	1.93399E-05	0.062254292	0.000368682	3.67612E-05	0.000120719	3.69957E-05	0.058479602	5.4791E-05	0.002673902	0.004793374	0.080551074	0.008271474	0.002256629	0.000103502	0.088001359	0.318437812	0.00243599	0.054157549	0.001657629	6.90369E-05
Synchytrium	0	0	0	0	0	0	0	0	0	0.000445112	0	0	1.03748E-05	0	0	0	0	0	0	2.15359E-05	0	0	0	0	0	0	1.67656E-05	0	0	0	0	0	6.42921E-06	0	0	9.66996E-06	0	3.35166E-05	0	1.85722E-05	2.95965E-05	0.232864075	6.54448E-05	7.84135E-06	2.83632E-05	3.10289E-05	0	0	0	0	0	0	0	0	0
Tylocephalus	0	0	0	0	0	0	0	0	0	0	0	0	0	0	0	0	0	0	0	0	0	0	0	0	0	0	0	0	0	0	1.05441E-05	0	0	0	0.110107497	0	0	0	0	0	0	0	0	0	0	0	0	0	0	0	0	0	0	0	0
Ulvales	0.000205705	0	0	0	0	0	0.013076509	0.007081908	0	0.000222556	0	0	0	0	0	0	0	0.000575978	0	0	0	0	0	0	0	0	0.001835831	0	0	0	0	0	0	0	0.000274754	0	0	0	0	0	0	0	0	0	0.003091585	0	0.002306469	0.007302702	1.72503E-05	0	0	0.000881103	0	0.000618099	0